#0
url-student-wisconsin-00721 student:0.8848687749506717  course:0.03520886369112824 faculty:0.01770037344863797 department:0.028798577990711755 project:0.006739990274971571 staff:0.02668341964387899
url-student-wisconsin-00606 student:0.9668427433074124  course:0.003452137867954833 faculty:0.00913422809755996 department:0.01067729601805108 project:0.0018902819646819929 staff:0.008003312744339729
url-student-wisconsin-00669 student:0.9729620011764468  course:0.00347398684180265 faculty:0.002862925743747048 department:0.010744873840950141 project:0.001902245774585044 staff:0.008053966622468465
url-student-wisconsin-00573 student:0.8699470245326963  course:0.002939755855271389 faculty:0.047705146768277785 department:0.00890232386502668 project:0.038460860515375 staff:0.03204488846335321
url-student-wisconsin-00711 student:0.8848687749506717  course:0.03520886369112824 faculty:0.017700373448637972 department:0.02879857799071175 project:0.00673999027497157 staff:0.02668341964387899
url-course-wisconsin-00237 course:0.7049634543525798 student:0.22337901529755932  faculty:9.54580821966074E-4 department:0.06921893562958362 project:5.585560857828689E-4 staff:9.254578125282007E-4
url-department-wisconsin-01457 department:0.9182509566540125 student:0.0070778761028340645 course:0.03339206827840684 faculty:0.006254131508667036  project:0.034194063015895955 staff:8.309044401834957E-4
url-course-wisconsin-00178 course:0.8869786485847988 student:0.02184136503899706  faculty:5.54143335257376E-4 department:0.08992167093120049 project:1.5028615213635111E-4 staff:5.538859576098192E-4
url-project-wisconsin-00450 student:0.4490127728907891  course:0.06262204895925885 faculty:0.01622824327136429 department:0.024580955021649864 project:0.4471098305718877 staff:4.4614928505012235E-4
url-course-wisconsin-00205 course:0.7122795609502799 student:0.19762536668922423  faculty:8.44525994190861E-4 department:0.08793762630335739 project:4.941594496792625E-4 staff:8.187606132682753E-4
url-department-wisconsin-01494 department:0.43276625582454387 student:0.03853688254808362 course:0.0508132285996029 faculty:0.0010035346599475627  project:0.1007752017636723 staff:0.3761048966041497
url-student-wisconsin-00576 student:0.7953919526853079  course:0.02890465992481963 faculty:0.04025566784078754 department:0.10982691199861316 project:0.009145346380316843 staff:0.01647546117015484
url-project-wisconsin-00442 course:0.4039160249875882 student:0.16237506020899947  faculty:0.11778352427234445 department:0.020073484966793214 project:0.2743851591543471 staff:0.021466746409927632
url-faculty-wisconsin-00417 student:0.8  course:0.0 faculty:0.2 department:0.0 project:0.0 staff:0.0
url-course-wisconsin-00181 staff:0.16666666666666663 student:0.16666666666666663 course:0.16666666666666663 faculty:0.16666666666666663 department:0.16666666666666663 project:0.16666666666666663 
url-student-wisconsin-00577 student:0.7625752331117335  course:0.024660225623319567 faculty:0.0978583109349288 department:0.031917069180747576 project:0.07825477346852243 staff:0.004734387680748006
url-student-wisconsin-00707 student:0.7970423030604261  course:0.024716593235958324 faculty:0.06271572121468177 department:0.024273106389439743 project:0.043162940865359184 staff:0.04808933523413478
url-department-wisconsin-01467 course:0.55 student:0.1  faculty:0.1 department:0.25 project:0.0 staff:0.0
url-student-wisconsin-00665 student:0.7707376509616725  course:0.016264571992057983 faculty:0.020070693198951255 department:0.15532511649087713 project:0.015504035273446386 staff:0.022097932082994837
url-student-wisconsin-00588 student:0.8181908989253492  course:0.15094228418809424 faculty:0.006925293496233526 department:0.009947914419383136 project:0.008102171315191673 staff:0.005891437655748121
url-course-wisconsin-00190 course:0.732788939464734 student:0.08837567838228688  faculty:3.7766183004971316E-4 department:0.17787059831947122 project:2.2098214073450355E-4 staff:3.661398627235454E-4
url-project-wisconsin-00445 student:0.4435031308679721  course:0.0036332993545854586 faculty:0.12474326216191162 department:0.04382121827324718 project:0.2680282760260467 staff:0.11627081331623695
url-faculty-wisconsin-00415 course:0.38931458126260593 student:0.2198200465596861  faculty:9.776050163472464E-4 department:0.09786632259166565 project:0.29199456810674024 staff:2.6876462954826654E-5
url-course-wisconsin-00207 course:0.5033750876759973 student:0.3335852761459745  faculty:0.04271707444951608 department:0.06655100287349797 project:0.011020272019489498 staff:0.042751286835524704
url-student-wisconsin-00660 student:0.7977889686522429  course:0.024330600216203195 faculty:0.017747987608574312 department:0.1228687854523482 project:0.020599766422918386 staff:0.01666389164771298
url-faculty-wisconsin-00393 student:0.6088088433682182  course:0.10400594989237166 faculty:0.18041746432922956 department:0.023793444327357263 project:0.07062654899535525 staff:0.012347749087468243
url-faculty-wisconsin-00378 department:0.8219265520914638 student:0.07313805306261867 course:0.011718038876870725 faculty:0.06462602558955938  project:0.02000531783092486 staff:0.00858601254856279
url-faculty-wisconsin-00419 student:1.0  course:0.0 faculty:0.0 department:0.0 project:0.0 staff:0.0
url-student-wisconsin-00603 student:0.7982707958097562  course:0.025381880951418714 faculty:0.03928041788793939 department:0.10693196484009292 project:0.014072446346727722 staff:0.01606249416406491
url-student-wisconsin-00670 student:0.8770496404018369  course:0.018965097489799965 faculty:0.04716745446816394 department:0.012502327365753161 project:0.02539206590626528 staff:0.01892341436818079
url-course-wisconsin-00192 course:0.8738619990311753 student:0.09380682927601577  faculty:3.955596760194424E-5 department:0.03215405448531941 project:2.6282613998901388E-5 staff:1.1127862588868149E-4
url-student-wisconsin-00722 student:0.9192810832585481  course:0.010158159858543125 faculty:0.019970319444133917 department:0.016131539211086635 project:0.02710135954896729 staff:0.007357538678720908
url-course-wisconsin-00211 course:0.811631080974665 student:0.03640227506499501  faculty:9.235722254289133E-4 department:0.14986945155200082 project:2.5047692022722056E-4 staff:9.231432626830163E-4
url-student-wisconsin-00646 student:0.8629268297509867  course:0.11637493944845448 faculty:0.002472247975121515 department:0.009628405332463171 project:0.0016426633749313368 staff:0.006954914118042593
url-student-wisconsin-00585 student:0.9492515103428134  course:0.027907300128863916 faculty:0.0027751059356566467 department:0.01041527648386578 project:0.0018438946772051344 staff:0.007806912431595197
#1
url-student-wisconsin-00632 student:0.8969033555947062  course:0.03697637264077416 faculty:0.0089620771677964 department:0.02870916845830445 project:0.007117036459218719 staff:0.021331989679200136
url-course-wisconsin-00167 student:0.3805512126131477  course:0.30483223428678735 faculty:0.2870207172047522 department:0.006005110188351403 project:0.02148612091390959 staff:1.0460479305184898E-4
url-course-wisconsin-00170 course:0.3790806454493407 student:0.25093851363517583  faculty:0.08900497146561903 department:0.10477830696683949 project:0.17616973116855303 staff:2.783131447184725E-5
url-department-wisconsin-01465 department:0.33333333333333326 student:0.26666666666666666 course:0.2 faculty:0.13333333333333333  project:0.0 staff:0.06666666666666667
url-faculty-wisconsin-00398 faculty:0.5185185185185185 student:0.4814814814814814 course:4.32299069387496E-18  department:2.2815784217673386E-18 project:1.3809553605433892E-18 staff:6.604569115642295E-19
url-course-wisconsin-00220 faculty:0.43327033422799144 student:0.42177047711564064 course:0.043108952152367444  department:0.00462155933859148 project:0.09639653445292767 staff:8.321427124813317E-4
url-student-wisconsin-00630 student:0.9344997566220278  course:0.0010924742397412411 faculty:0.014602703046895088 department:0.013607944476756685 project:0.018455466088793455 staff:0.017741655525785625
url-student-wisconsin-00673 student:0.983170611890639  course:0.0012307621181894992 faculty:0.0037929186224514282 department:0.009001355170017022 project:0.001804259264590091 staff:0.0010000929341129252
url-course-wisconsin-00183 student:0.34778157483883676  course:0.22160951976140358 faculty:0.2882371270160962 department:0.027761562382886313 project:0.11394657829895428 staff:6.636377018228935E-4
url-staff-wisconsin-00548 student:0.9464710587098946  course:0.007913093115892052 faculty:0.004810158876876851 department:0.009246715135396376 project:0.017815114306892813 staff:0.013743859855047277
url-course-wisconsin-00164 course:0.8 student:0.2  faculty:0.0 department:0.0 project:0.0 staff:0.0
url-faculty-wisconsin-00397 student:0.5018647868903382  course:0.05289283604786668 faculty:0.07441867519953856 department:0.05299139043003034 project:0.25377052755781193 staff:0.06406178387441423
url-course-wisconsin-00228 course:0.2585776210217514 student:0.23455097130659547  faculty:0.2041884321498036 department:0.1446459325562824 project:0.1580318245941037 staff:5.218371463471388E-6
url-project-wisconsin-00452 project:0.5046360455570672 student:0.3750246977272415 course:0.009975806459193177 faculty:0.08128960451225313 department:0.02907311334123262  staff:7.324030124170368E-7
url-student-wisconsin-00627 student:0.8229475113689549  course:0.026231726993250014 faculty:0.09064108128858261 department:0.01675484210366158 project:0.03420190034301984 staff:0.009222937902531137
url-student-wisconsin-00708 student:0.9832764570988737  course:0.0012230214759367346 faculty:0.003769063788347958 department:0.008944742873350243 project:0.0017929117220454984 staff:9.938030414455479E-4
url-faculty-wisconsin-00380 student:0.3911897961447945  course:0.0962071477816212 faculty:0.0950002700357282 department:0.268496672107541 project:0.09420638733442323 staff:0.0548997265958919
url-course-wisconsin-00180 course:0.570239364645199 student:0.1485719734643736  faculty:0.14208275221895147 department:0.029000306219778088 project:0.11007189860606284 staff:3.3704845634757816E-5
url-student-wisconsin-00599 student:0.9708809792420059  course:0.0012153775917121304 faculty:0.003745507139670784 department:0.021388838230391807 project:0.0017817060237827142 staff:9.875917724365135E-4
url-student-wisconsin-00677 student:0.8377415784524512  course:0.0010801451996585484 faculty:0.055343667325532156 department:0.0064419454466930984 project:0.05475477507145436 staff:0.04463788850421073
url-course-wisconsin-00171 student:0.33333333333333326  course:0.33333333333333326 faculty:0.0 department:0.16666666666666663 project:0.16666666666666663 staff:0.0
url-faculty-wisconsin-00384 student:0.6193838438959246  course:0.15232798398756692 faculty:0.025417094223236333 department:0.09178639750360654 project:0.024160113279503445 staff:0.08692456711016218
url-student-wisconsin-00575 student:0.983170611890639  course:0.0012307621181894992 faculty:0.0037929186224514282 department:0.009001355170017022 project:0.001804259264590091 staff:0.0010000929341129252
url-student-wisconsin-00654 student:0.9820645934610648  course:0.0014697849325026242 faculty:0.004646210148360064 department:0.008665022625416737 project:0.0021040283600671076 staff:0.0010503604725887168
url-student-wisconsin-00621 student:0.7820247572501767  course:0.020602127268225027 faculty:0.12404278415351508 department:0.01812006618699359 project:0.04686744504036197 staff:0.008342820100727651
url-faculty-wisconsin-00406 faculty:0.6296296296296297 student:0.37037037037037035 course:5.718779148023574E-18  department:3.0182445503457737E-18 project:1.8268322278408627E-18 staff:8.737023698369343E-19
url-course-wisconsin-00172 student:0.3441588501009323  course:0.20888442059722231 faculty:0.30606799027634524 department:0.027472379441397916 project:0.11275963477500688 staff:6.567248090955718E-4
url-student-wisconsin-00638 department:0.3324374456203292 student:0.29263940840387725 course:0.2694632867857612 faculty:0.06588343722192681  project:0.010971545872971254 staff:0.02860487609513426
url-course-wisconsin-00210 course:0.6938775510204082 student:0.1836734693877551  faculty:0.10204081632653061 department:0.02040816326530612 project:0.0 staff:0.0
url-course-wisconsin-00165 course:0.9628798527247553 student:0.03582139450224407  faculty:9.76002048458524E-5 department:0.0011570187304691972 project:1.3080021791566671E-5 staff:3.105381589407737E-5
url-course-wisconsin-00186 student:0.4205356622889377  course:0.09930812978398727 faculty:0.326621312212597 department:0.020363944201677052 project:0.13229337861312954 staff:8.775728996715225E-4
url-student-wisconsin-00682 student:0.699595541949543  course:0.023107842780501577 faculty:0.12916909206871172 department:0.08376739078359458 project:0.054368236942122936 staff:0.009991895475526234
url-project-wisconsin-00446 department:0.403748173047925 student:0.24357041310411973 course:0.024815432541442695 faculty:0.05539266965530981  project:0.14668070449964213 staff:0.12579260715156076
url-student-wisconsin-00634 student:0.6952623538210354  course:0.04485519720611779 faculty:0.06132187880955143 department:0.17180988809843456 project:0.008003924575274966 staff:0.018746757489585614
url-course-wisconsin-00158 course:0.7727911634853142 student:0.1492836701346441  faculty:0.0058560122907511435 department:0.06942112382815183 project:7.848013074940002E-4 staff:0.0018632289536446424
#2
url-student-wisconsin-00609 student:0.9625695628663515  course:0.004258018489584308 faculty:0.003202108777604578 department:0.0205865947749957 project:0.0017559100154829366 staff:0.007627805075980758
url-faculty-wisconsin-00381 department:0.7897129336272206 student:0.07395829180507454 course:0.008436342340827458 faculty:0.10160598251865574  project:0.017401678120988265 staff:0.008884771587233213
url-student-wisconsin-00662 student:0.9747539877127613  course:0.004311917457806894 faculty:0.0032426418001059018 department:0.008188956734172862 project:0.0017781367245396833 staff:0.007724359570613426
url-course-wisconsin-00227 course:0.6177043319182889 student:0.09581489534069446  faculty:0.06054180605723726 department:0.06304680683665745 project:0.13034277424484408 staff:0.03254938560227775
url-student-wisconsin-00617 student:0.9351960093020957  course:0.04573293069231275 faculty:0.0027844501362830846 department:0.009041504823752737 project:0.0014661622120782454 staff:0.005778942833477339
url-student-wisconsin-00693 student:0.8683408537091613  course:0.052182059062476596 faculty:0.01842647367760379 department:0.028678351709486745 project:0.007087394602656031 staff:0.025284867238615453
url-course-wisconsin-00212 course:0.33860871737819476 student:0.2776453779956697  faculty:0.04893706466915332 department:0.2758006600311276 project:0.02589825495674903 staff:0.03310992496910556
url-department-wisconsin-01458 department:0.8493829860204604 student:0.025840315264947705 course:0.005400807636192103 faculty:0.08546845674041913  project:0.03251409135068655 staff:0.0013933429872941276
url-project-wisconsin-00443 course:0.3426264753216183 student:0.17675072770114256  faculty:0.0981150402085314 department:0.07371885327847254 project:0.30708079863398646 staff:0.0017081048562485979
url-student-wisconsin-00709 student:0.8765856022760437  course:0.012379896779161438 faculty:0.08009181239502107 department:0.006354582831073624 project:0.010293329003547371 staff:0.014294776715152942
url-student-wisconsin-00596 student:0.8950530396721779  course:0.003406499530461738 faculty:0.03256249703444771 department:0.006469436751259031 project:0.0364056336251631 staff:0.02610289338649075
url-project-wisconsin-00457 course:0.24194131391086 student:0.19655106547202925  faculty:0.19114762649577666 department:0.191920712612426 project:0.17318951250354483 staff:0.00524976900536326
url-department-wisconsin-01456 course:0.5099474274042155 student:0.10385544841202693  faculty:0.04320138283296973 department:0.3115708793197352 project:0.018304895354339684 staff:0.013119966676712957
url-course-wisconsin-00215 course:0.8949610087136084 student:0.04781638590121387  faculty:0.0038094271142719975 department:0.045930002590600386 project:0.0052498915631220295 staff:0.002233284117183319
url-course-wisconsin-00234 course:0.9542137730290087 student:0.02084304000822143  faculty:0.0016605195113493323 department:0.020020770360005297 project:0.0022884142711044743 staff:9.734828203106775E-4
url-student-wisconsin-00659 student:0.8945309154914423  course:0.0034234472893197553 faculty:0.032724499507255894 department:0.0065016230037528554 project:0.03658675618051216 staff:0.02623275852771706
url-student-wisconsin-00639 student:0.8379224925698696  course:0.02466791566771099 faculty:0.07005888443127699 department:0.011005763070624893 project:0.026288747260114376 staff:0.03005619700040307
url-course-wisconsin-00218 course:0.8949610087136084 student:0.04781638590121387  faculty:0.0038094271142719975 department:0.045930002590600386 project:0.00524989156312203 staff:0.002233284117183319
url-student-wisconsin-00679 student:0.9747539877127613  course:0.004311917457806893 faculty:0.0032426418001059018 department:0.008188956734172862 project:0.0017781367245396826 staff:0.0077243595706134255
url-course-wisconsin-00221 course:0.7740116834809672 student:0.11497799548603696  faculty:0.009101757907614682 department:0.09087107531141661 project:0.0071786722761029015 staff:0.0038588155378615503
url-student-wisconsin-00715 student:0.6784697650654193  course:0.09556560427838365 faculty:0.07289843000168708 department:0.025576109765607664 project:0.12225191414553352 staff:0.005238176743368668
url-student-wisconsin-00613 student:0.922222335680337  course:0.0040795386726556245 faculty:0.027019984457585217 department:0.03169973152095397 project:0.0016823089968698796 staff:0.01329610067159833
url-course-wisconsin-00175 course:1.0 student:0.0  faculty:0.0 department:0.0 project:0.0 staff:0.0
url-course-wisconsin-00155 course:0.6099266341231292 student:0.20731306121478008  faculty:0.06482138073860634 department:0.09034770590125621 project:0.008853541370595233 staff:0.018737676651632954
url-student-wisconsin-00636 student:0.9747539877127613  course:0.004311917457806895 faculty:0.003242641800105903 department:0.008188956734172862 project:0.0017781367245396833 staff:0.007724359570613426
url-student-wisconsin-00674 student:0.964219182869808  course:0.004797848586310553 faculty:0.009730928836369394 department:0.011798061172457845 project:0.0019131628864923447 staff:0.007540815648561895
url-department-wisconsin-01466 department:0.40871903398609133 student:0.3467014709763636 course:0.04647047661952866 faculty:0.07567418493605747  project:0.0729681299483446 staff:0.04946670353361425
url-department-wisconsin-01481 department:0.6410268682837742 student:0.12081593203223248 course:0.1055642098214413 faculty:0.08353492474784768  project:0.03281311090747469 staff:0.016244954207229618
url-course-wisconsin-00188 course:0.9382543633947554 student:0.049322082056408076  faculty:0.004372054536007554 department:0.00618972831209616 project:6.006721650258851E-4 staff:0.0012610995357068152
url-project-wisconsin-00462 project:0.5903127439934468 student:0.2467798357468461 course:0.04768548818635209 faculty:0.022716648549787805 department:0.022472984417374615  staff:0.07003229910619253
url-department-wisconsin-01488 department:0.8267277240106405 student:0.07302015943450055 course:0.011416112797237195 faculty:0.06935789728991501  project:0.010398075289621804 staff:0.009080031178084832
url-course-wisconsin-00160 course:0.7988163992306878 student:0.17920293288070668  faculty:0.0035378800007952412 department:0.01672947500135093 project:9.417340258943226E-4 staff:7.71578860564988E-4
url-student-wisconsin-00583 student:0.9017984396451808  course:0.038620132707129995 faculty:0.03186322199084815 department:0.019039625225429548 project:0.0016239630200998259 staff:0.0070546174113116835
url-student-wisconsin-00624 student:0.6559760410668203  course:0.30219285637609694 faculty:0.026652890031354858 department:0.008457951806080518 project:0.0015467191936012644 staff:0.005173541526046146
url-student-wisconsin-00605 student:0.6939838552632832  course:0.07704045782846412 faculty:0.09459329773907707 department:0.08407895734131854 project:0.026709191161499835 staff:0.023594240666357114
url-course-wisconsin-00196 course:0.9122941351549394 student:0.08094242417002215  faculty:0.0025376184112604577 department:0.0032562752401387486 project:3.105948124500237E-4 staff:6.589522111892304E-4
#3
url-department-wisconsin-01464 project:0.46153846153846156 student:0.3076923076923077 course:0.0 faculty:0.23076923076923078 department:0.0  staff:0.0
url-faculty-wisconsin-00391 student:0.6521739130434783  course:1.507804831426754E-17 faculty:0.34782608695652173 department:7.340628784577623E-18 project:4.563093568791494E-18 staff:1.9839537255615208E-18
url-faculty-wisconsin-00400 student:0.3568566855256283  course:0.19358006490627794 faculty:0.2370621783401919 department:0.008222510772659378 project:0.10705071199184504 staff:0.09722784846339728
url-student-wisconsin-00618 student:0.7501076868820211  course:0.0736754442105585 faculty:0.04346547707448689 department:0.11146573883439925 project:0.008711645154948563 staff:0.01257400784358563
url-course-wisconsin-00161 course:0.6414652557800227 student:0.14608835891099733  faculty:0.0060953159847717065 department:0.03272815141425062 project:0.1687966742126415 staff:0.0048262436973160764
url-department-wisconsin-01493 department:0.4234526040863634 student:0.3682405311526826 course:0.03358457850627562 faculty:0.07726291785744437  project:0.06500410182251627 staff:0.03245526657471754
url-student-wisconsin-00666 student:0.7618298229604761  course:0.022198239672762795 faculty:0.04813096758611398 department:0.1029048567011085 project:0.036651372055763985 staff:0.028284741023774908
url-student-wisconsin-00717 student:0.9602943929897192  course:0.020873194658493247 faculty:0.0016198505719696606 department:0.009209896022025014 project:6.101863149043551E-4 staff:0.007392479442888502
url-staff-wisconsin-00543 department:0.6733632801874303 student:0.0770776426364005 course:0.005075406584884502 faculty:0.006455068143923319  project:0.18877414234401016 staff:0.04925446010335124
url-course-wisconsin-00189 course:0.6902370132777442 student:0.21007010912059765  faculty:0.027083342255751368 department:0.038223793749010464 project:0.01262932622762194 staff:0.02175641536927433
url-student-wisconsin-00650 student:0.9495021358674451  course:0.0180676577420291 faculty:0.017531160978962984 department:0.007972006771752835 project:5.28172025266673E-4 staff:0.006398866614543274
url-staff-wisconsin-00549 department:0.39053956003710355 student:0.32746760684812826 course:0.07807436636118342 faculty:0.06474858130886862  project:0.08802702974570652 staff:0.051142855699009636
url-student-wisconsin-00589 student:0.6086956521739131  course:1.2311174895661879E-17 faculty:0.3913043478260869 department:5.993598304466971E-18 project:3.725750297371359E-18 staff:1.6198914336397226E-18
url-student-wisconsin-00598 student:0.9348994129791132  course:0.0020604819429566462 faculty:0.012918833954783514 department:0.014187390054548728 project:0.011989942838283436 staff:0.023943938230314564
url-course-wisconsin-00203 course:0.8378378378378379 student:0.018018018018018014  faculty:3.982831486106102E-21 department:0.009009009009009007 project:0.13513513513513514 staff:1.2446348394081576E-21
url-course-wisconsin-00169 faculty:0.6666666666666665 student:0.33333333333333326 course:0.0  department:0.0 project:0.0 staff:0.0
url-student-wisconsin-00716 student:0.86497886163752  course:0.06983756004125441 faculty:0.012402055873405338 department:0.025109983784414106 project:0.007940211239290496 staff:0.01973132742411572
url-project-wisconsin-00459 student:0.45527600893147524  course:0.07693657854631933 faculty:0.27081891344437053 department:0.055836961537028926 project:0.1405302308940009 staff:6.013066468050337E-4
url-student-wisconsin-00661 student:0.9495021358674451  course:0.0180676577420291 faculty:0.017531160978962984 department:0.007972006771752835 project:5.28172025266673E-4 staff:0.006398866614543274
url-faculty-wisconsin-00413 student:0.41927120000363793  course:0.16845682464442277 faculty:0.24106020006822299 department:0.06115816490195641 project:0.0928066155298971 staff:0.017246994851862745
url-faculty-wisconsin-00388 course:0.7027027027027026 student:0.14414414414414412  faculty:3.010736110225067E-21 department:0.07207207207207206 project:0.08108108108108107 staff:9.40855034445334E-22
url-faculty-wisconsin-00403 student:0.38273429203454473  course:0.2544422525393618 faculty:0.25438828981399275 department:0.10432734701259518 project:0.001681284147495268 staff:0.002426534452010349
url-student-wisconsin-00683 student:0.9158847169716433  course:0.03131639805913508 faculty:0.012908971726805402 department:0.019059350703030744 project:0.0035211186731075586 staff:0.017309443866277825
url-faculty-wisconsin-00387 student:0.434250939000255  course:0.008899094988811276 faculty:0.09830989835361952 department:0.024333693005357114 project:0.29892940860955336 staff:0.1352769660424037
url-student-wisconsin-00580 student:0.9171960392222618  course:0.002897676004194203 faculty:0.041083277015528004 department:0.012766428669626843 project:0.01057576085280984 staff:0.015480818235579313
url-course-wisconsin-00209 course:0.9254351115884285 student:0.0394808853122934  faculty:6.13047101111044E-4 department:0.03195340646454649 project:0.0025172489906281 staff:3.0054299256583904E-7
url-student-wisconsin-00637 student:0.9785278308312961  course:0.0022821793671988166 faculty:0.0016506072283994642 department:0.009384767465481185 project:6.21772131010134E-4 staff:0.007532842976614234
url-student-wisconsin-00697 student:0.7964057522072683  course:0.026653515236170683 faculty:0.026329738883956205 department:0.12596408207557103 project:0.010087704884971608 staff:0.014559206712062093
url-course-wisconsin-00185 student:0.35328097999990793  course:0.3040604542788184 faculty:3.566885533369816E-5 department:0.17219335705894495 project:0.17042792021420175 staff:1.6195927932714657E-6
url-student-wisconsin-00571 student:0.9673687457690936  course:0.00306224700660745 faculty:0.010728772434380097 department:0.009490876087024317 project:0.0022577408243309696 staff:0.007091617878563447
url-course-wisconsin-00230 course:0.7149959567452266 student:0.1831833353062348  faculty:0.020016541204662265 department:0.021302270976364328 project:0.06050169540551677 staff:2.0036199504389268E-7
url-student-wisconsin-00633 student:0.9450150201878473  course:0.03827569027488794 faculty:0.0015860960525555042 department:0.008246524902261505 project:6.950790065393367E-4 staff:0.006181589575908435
url-project-wisconsin-00455 project:0.5555555555555556 student:0.28888888888888886 course:0.02222222222222222 faculty:0.1111111111111111 department:0.02222222222222222  staff:0.0
url-course-wisconsin-00219 course:0.8243627256729102 student:0.11968587999944738  faculty:2.1401313200218895E-4 department:0.03316014235366989 project:0.022567521285210546 staff:9.717556759628793E-6
url-course-wisconsin-00191 course:0.6674183190056517 student:0.27295691932685523  faculty:5.220429071097014E-4 department:0.05740505851346335 project:7.377426254975964E-4 staff:9.599176214223693E-4
#4
url-student-wisconsin-00570 student:0.8991420516623649  course:0.003050542112170547 faculty:0.03276077420808194 department:0.007472746764294009 project:0.029423654298938687 staff:0.028150230954149848
url-student-wisconsin-00685 student:0.7581960732234175  course:0.028255116736297117 faculty:0.14185158609023257 department:0.006309923693701338 project:0.027449478961507724 staff:0.03793782129484366
url-department-wisconsin-01472 department:0.8152272187371148 student:0.06468424640807646 course:0.007936297850364584 faculty:0.09602905046085432  project:0.008157025799780015 staff:0.007966160743809804
url-course-wisconsin-00202 course:0.4813326074968042 student:0.16117960844221027  faculty:0.0273488542562786 department:0.24127038348853858 project:0.0888522282976193 staff:1.6318018549023346E-5
url-project-wisconsin-00444 student:0.4147121425452319  course:0.08489024380674853 faculty:0.28758088401159343 department:0.009067478620705557 project:0.20266052478381208 staff:0.001088726231908383
url-course-wisconsin-00236 course:0.45016215972236817 student:0.3714477706498483  faculty:0.05141190122363913 department:0.0646527278913536 project:0.012734473764098114 staff:0.04959096674869262
url-student-wisconsin-00649 student:0.9745056955201925  course:0.003158547559378312 faculty:0.0036054376303403454 department:0.009090637414148355 project:0.0017989679938421222 staff:0.007840713882098173
url-student-wisconsin-00648 student:0.8358712777562687  course:0.007299361830526155 faculty:0.038845772017305304 department:0.011321366966620342 project:0.07653463581034696 staff:0.030127585618932667
url-faculty-wisconsin-00408 project:0.4910750785653547 student:0.33763026651302674 course:0.11391247873287652 faculty:2.7395086840018923E-4 department:0.05697615359396967  staff:1.320717263722294E-4
url-course-wisconsin-00201 course:0.6208997678984589 student:0.16901004885281395  faculty:0.06400615895801726 department:0.09675077632186142 project:0.029347103265237734 staff:0.019986144703610702
url-course-wisconsin-00162 course:0.8511858856207377 student:0.06389117336685261  faculty:0.010938019484811361 department:0.07174831567411216 project:0.0015734157168956577 staff:6.631901365904313E-4
url-student-wisconsin-00597 student:0.7781366508846155  course:0.02773823170755263 faculty:0.1321676729881096 department:0.017506925878275986 project:0.039612872093914 staff:0.004837646447532334
url-student-wisconsin-00579 student:0.7998051623347521  course:0.01136952376319953 faculty:0.039461870263728424 department:0.12004762355164059 project:0.010311271449454857 staff:0.019004548637224533
url-student-wisconsin-00667 student:0.8867506782452057  course:0.029407468390867757 faculty:0.05235139884884063 department:0.011024075617354934 project:0.010335913769353191 staff:0.010130465128377883
url-course-wisconsin-00239 course:0.5079026060287759 student:0.3406043354099405  faculty:0.02930004928204706 department:0.10571040875621211 project:0.01359022462922522 staff:0.002892375893799021
url-course-wisconsin-00184 student:0.5269098274401695  course:0.23021750308445083 faculty:0.07430334345989818 department:0.07643503240006425 project:0.018780956112448625 staff:0.07335333750296869
url-course-wisconsin-00233 course:0.5829452095913819 student:0.2201667683070257  faculty:0.07722359058912572 department:0.08073212088519109 project:5.693980092194567E-4 staff:0.03836291261805612
url-department-wisconsin-01486 department:0.7982446401520691 student:0.06416497048573302 course:0.0075943711856096465 faculty:0.11229990769723476  project:0.010073163010220333 staff:0.00762294746913319
url-department-wisconsin-01480 student:1.0  course:0.0 faculty:0.0 department:0.0 project:0.0 staff:0.0
url-faculty-wisconsin-00385 student:0.38155963488062355  course:0.06552408077432448 faculty:0.3771940561144181 department:0.0024054445660984967 project:0.0854768771138497 staff:0.0878399065506855
url-department-wisconsin-01455 department:0.8589273794611588 student:0.04429975951446284 course:0.0038266543905559535 faculty:0.07868314664115227  project:0.008808239976088693 staff:0.005454820016581387
url-student-wisconsin-00690 student:0.8501511064113567  course:0.09179026888282804 faculty:0.004511321081180377 department:0.04480707988158172 project:0.0021420271450040074 staff:0.006598196598049345
url-student-wisconsin-00626 student:0.9573498044399293  course:0.003266220732184095 faculty:0.009518588222228218 department:0.00865117925032399 project:0.013754564692891116 staff:0.0074596426624432
url-student-wisconsin-00718 student:0.95102564753181  course:0.013129097452943325 faculty:0.016237195122152482 department:0.009502460673053362 project:0.001902122728334952 staff:0.008203476491705861
url-course-wisconsin-00216 course:0.7391046988507843 student:0.2032810214945128  faculty:0.03406581556575962 department:0.021673513018806292 project:4.2858139445926173E-4 staff:0.0014463696756777766
url-student-wisconsin-00607 student:0.8944195554766023  course:0.027886201659072372 faculty:0.01807394494824678 department:0.027279611769465008 project:0.006466824404657886 staff:0.02587386174195569
url-student-wisconsin-00689 student:0.9745056955201925  course:0.003158547559378312 faculty:0.0036054376303403454 department:0.009090637414148355 project:0.0017989679938421222 staff:0.007840713882098173
url-student-wisconsin-00713 student:0.8530533321235139  course:0.11594610523584602 faculty:0.003444368739795191 department:0.008314578146874921 project:0.01246086278760096 staff:0.006780752966369053
url-student-wisconsin-00594 student:0.8944041251904153  course:0.037361372842455665 faculty:0.014519396025210029 department:0.019736140480392152 project:0.026979163963798944 staff:0.006999801497728158
url-student-wisconsin-00663 student:0.9055174492777622  course:0.04640834789297052 faculty:0.01994508751833786 department:0.008426223368665981 project:0.012775360685760236 staff:0.006927531256503028
url-course-wisconsin-00173 student:0.3503708149748198  course:0.2901140592322567 faculty:0.24710927630400437 department:0.026689324798662928 project:0.08562908597359152 staff:8.743871666464267E-5
url-course-wisconsin-00225 course:0.7616907511076676 student:0.07776650128200334  faculty:0.02227665511380339 department:0.13600957567084584 project:5.351128428499577E-4 staff:0.0017214039828299258
url-student-wisconsin-00643 student:0.9479529298715423  course:0.010090551112512346 faculty:0.016509735313769855 department:0.01574415123155044 project:0.0017295499336090559 staff:0.0079730825370159
url-student-wisconsin-00723 student:0.8111126567205038  course:0.03973500891159057 faculty:0.022249558945874506 department:0.10199534933334878 project:0.008760704314198483 staff:0.016146721774484004
url-project-wisconsin-00460 student:0.4404417272111221  course:0.0049896743555941404 faculty:0.21230214090032756 department:0.019095953098470533 project:0.205516462437488 staff:0.11765404199699765
url-course-wisconsin-00168 course:0.7230126457935613 student:0.2635049169651616  faculty:0.0034936405250568497 department:0.0067200237807166965 project:0.002068216100742608 staff:0.0012005568347608195
#5
url-student-wisconsin-00641 student:0.8648046605316192  course:0.0027016818377036183 faculty:0.05588532256681032 department:0.008465959040842762 project:0.04594843204960716 staff:0.02219394397341691
url-student-wisconsin-00664 student:0.9267949438817301  course:0.021156482534297867 faculty:0.021814931066570446 department:0.008276180568612047 project:0.014675419369313278 staff:0.00728204257947632
url-student-wisconsin-00657 student:0.8241030342438626  course:0.0031567314095079465 faculty:0.05429356768441404 department:0.008875796265874179 project:0.07008460335791623 staff:0.03948626703842498
url-student-wisconsin-00703 student:0.7554467633914324  course:0.017893219018235002 faculty:0.057489172398139825 department:0.08798347322290391 project:0.053887876625568806 staff:0.02729949534371999
url-faculty-wisconsin-00409 student:0.5570726932718488  course:0.008668197206897103 faculty:0.17965385079839302 department:0.039582972255832495 project:0.16548958733553093 staff:0.04953269913149757
url-course-wisconsin-00198 course:0.7754780308539726 student:0.21750682422953888  faculty:0.002148003921604237 department:0.0027787680559206744 project:0.00101832260643629 staff:0.0010700503325272728
url-project-wisconsin-00453 project:0.5 student:0.42857142857142855 course:0.0 faculty:0.0 department:0.07142857142857142  staff:0.0
url-course-wisconsin-00179 course:0.5736910748809402 student:0.18704996753172418  faculty:0.07328060911630949 department:0.038669551903988485 project:0.12708844538798003 staff:2.2035117905753966E-4
url-faculty-wisconsin-00407 student:0.44303400554209416  course:0.03340751439896679 faculty:0.10397864573379265 department:0.29459040787500074 project:0.06423306035346993 staff:0.06075636609667588
url-department-wisconsin-01477 student:0.4872089913877041  course:0.09095977967476923 faculty:0.07512908848012262 department:0.26113185806152706 project:0.026286157799986498 staff:0.05928412459589036
url-staff-wisconsin-00550 staff:0.16666666666666663 student:0.16666666666666663 course:0.16666666666666663 faculty:0.16666666666666663 department:0.16666666666666663 project:0.16666666666666663 
url-student-wisconsin-00720 student:0.9563355599063429  course:0.002050509981244122 faculty:0.004551717014927398 department:0.014162496889494901 project:0.015155779914410816 staff:0.007743936293580087
url-student-wisconsin-00587 student:0.8394721181138112  course:0.030151160903390803 faculty:0.041146381975834485 department:0.021217805955527476 project:0.03604783497707733 staff:0.031964698074358915
url-course-wisconsin-00208 course:1.0 student:0.0  faculty:0.0 department:0.0 project:0.0 staff:0.0
url-course-wisconsin-00195 student:0.6229068789999413  course:0.37625892681961254 faculty:1.6360085411977194E-4 department:2.88530759203455E-4 project:1.0372483485092886E-4 staff:2.7833773227200744E-4
url-project-wisconsin-00440 student:0.34943572390575767  course:0.04872160942361996 faculty:0.21923350729725705 department:0.12321307228015681 project:0.2509509745771972 staff:0.008445112516011476
url-course-wisconsin-00231 course:0.16666666666666663 student:0.16666666666666663  faculty:0.16666666666666663 department:0.16666666666666663 project:0.16666666666666663 staff:0.16666666666666663
url-department-wisconsin-01474 department:0.8240009912104993 student:0.06288242459240341 course:0.008374289929626196 faculty:0.09320020992612159  project:0.006332383318297625 staff:0.005209701023051815
url-department-wisconsin-01453 course:0.3748575560907068 student:0.2773274093180174  faculty:0.0866774740102286 department:0.14004248540979242 project:0.10950580843840636 staff:0.01158926673284848
url-student-wisconsin-00678 student:0.7997422937577155  course:0.03105995691344811 faculty:0.10227915264354812 department:0.006194873744547007 project:0.04722664593494175 staff:0.013497077005799402
url-project-wisconsin-00441 student:0.43532101855693056  course:0.036244219600526845 faculty:0.11385644262569558 department:0.014653807408391006 project:0.3429095224096579 staff:0.057014989398798094
url-student-wisconsin-00635 student:0.7113131299170408  course:0.0450765780107907 faculty:0.09050400609634934 department:0.08826506716699169 project:0.04317165574217015 staff:0.021669563066657287
url-student-wisconsin-00705 student:0.9558864491326109  course:0.014450243002926931 faculty:0.010820520273004515 department:0.008078301678259387 project:0.0029758745117685627 staff:0.007788611401429633
url-staff-wisconsin-00546 student:0.4925639854152987  course:0.058181746609375015 faculty:0.09761413249543176 department:0.18324743709787997 project:0.11840098565160695 staff:0.049991712730407485
url-course-wisconsin-00206 course:0.7518426372419476 student:0.19747077245853595  faculty:0.01703663650310382 department:0.025452421213562663 project:0.007447133288476596 staff:7.503992943737406E-4
url-student-wisconsin-00655 student:0.8958774001587959  course:0.01209622987093658 faculty:0.057441155866481214 department:0.006431536579640819 project:0.012467910521980147 staff:0.015685767002165348
url-student-wisconsin-00672 student:0.6835933786755409  course:0.08212667888167934 faculty:0.1473522798486717 department:0.014317443058864895 project:0.05936453392003868 staff:0.013245685615204297
url-student-wisconsin-00698 student:0.9497650959985915  course:0.030214243670700545 faculty:0.003926420498874527 department:0.006924738220882919 project:0.002489396036422293 staff:0.006680105574528179
url-student-wisconsin-00569 student:0.8095238095238095  course:0.09523809523809523 faculty:0.09523809523809523 department:0.0 project:0.0 staff:0.0
