#0
url-student-cornell-01121 department:1.0 project:0.0 course:0.0 student:0.0 faculty:0.0  staff:0.0
url-student-cornell-01014 student:0.8382601218749175 project:0.009465984427564675 course:0.0017952385036971307  faculty:0.1087520602995844 department:0.040768480704295014 staff:9.581141899412103E-4
url-faculty-cornell-00422 student:0.5 project:0.0 course:0.16666666666666663  faculty:0.16666666666666663 department:0.0 staff:0.16666666666666663
url-faculty-cornell-00289 student:0.3652022456030568 project:0.24380036015110262 course:0.04910254880667602  faculty:0.17048893594632536 department:0.11187205950096937 staff:0.059533849991869656
url-faculty-cornell-00256 student:0.6718961056670972 project:0.02386263630017962 course:0.023306348449433224  faculty:0.14792074711864364 department:0.11890169220038185 staff:0.014112470264264532
url-course-cornell-00028 staff:0.16666666666666663 project:0.16666666666666663 course:0.16666666666666663 student:0.16666666666666663 faculty:0.16666666666666663 department:0.16666666666666663 
url-course-cornell-00010 course:0.8421052631578947 project:0.0  student:0.05263157894736842 faculty:0.05263157894736842 department:0.05263157894736842 staff:0.0
url-student-cornell-01004 student:0.5691225481982554 project:0.03271883811082821 course:0.03497343829675049  faculty:0.18231132999473335 department:0.16291092835354606 staff:0.017962917045886713
url-project-cornell-00533 faculty:0.3504618937644342 project:0.32217090069284066 course:1.6444831109945362E-17 student:0.15473441108545039  department:0.16743648960739033 staff:0.005196304849884528
url-project-cornell-00531 faculty:0.5 project:0.0 course:0.0 student:0.25  department:0.25 staff:0.0
url-student-cornell-01123 student:0.3714374645847971 project:0.11685121201725783 course:0.11574107597581176  faculty:0.14581131617077472 department:0.2456382986737247 staff:0.004520632577634025
url-student-cornell-01081 student:0.6709314137644751 project:0.02881022011976165 course:0.023605956409493284  faculty:0.14597674467197455 department:0.11624465725180165 staff:0.014431007782493671
url-project-cornell-00505 faculty:0.329676674364896 project:0.3244803695150115 course:1.429000035609384E-17 student:0.19168591224018477  department:0.1327944572748268 staff:0.021362586605080832
url-student-cornell-01076 student:0.6734193282447898 project:0.02436820062857325 course:0.023800127018277144  faculty:0.14681737311691995 department:0.11718350771310179 staff:0.014411463278337928
url-faculty-cornell-00421 student:0.37470458105256615 project:0.04897994173430886 course:0.04871196028891836  faculty:0.1998963942950268 department:0.2980422418079413 staff:0.02966488082123834
url-course-cornell-00026 department:1.0 project:0.0 course:0.0 student:0.0 faculty:0.0  staff:0.0
url-faculty-cornell-00296 faculty:0.6051995008158796 project:0.0858082345626505 course:0.06540078457206774 student:0.0688986997124175  department:0.17193204190355574 staff:0.0027607384334289754
url-course-cornell-00240 student:0.4132477001474979 project:0.04100741673620538 course:0.05942351057739273  faculty:0.21484676049021453 department:0.24097800559694904 staff:0.03049660645174036
url-faculty-cornell-00286 faculty:0.6410264980619819 project:0.08372013838570577 course:0.0027475982256134302 student:0.09878007072270968  department:0.1726107901835979 staff:0.0011149044203916012
url-faculty-cornell-00270 faculty:0.2857142857142857 project:0.14285714285714285 course:0.0 student:0.23809523809523808  department:0.09523809523809523 staff:0.23809523809523808
url-project-cornell-00438 student:0.34293718126317385 project:0.05166090815532037 course:0.04166968378230559  faculty:0.31230184553697216 department:0.2107446880635218 staff:0.04068569319870622
url-project-cornell-00432 student:0.8719219077776899 project:0.010097050056068986 course:0.0019149210706102737  faculty:0.09377997543066785 department:0.021264157195692468 staff:0.0010219884692706245
url-course-cornell-00011 course:0.5384615384615384 project:0.15384615384615385  student:0.0 faculty:0.15384615384615385 department:0.15384615384615385 staff:0.0
url-student-cornell-01034 student:0.8041732797058123 project:0.037430010338643016 course:0.0191677314384258  faculty:0.12153115695964796 department:0.01688624247893225 staff:8.115790785384368E-4
url-department-cornell-01394 student:0.4405868772100847 project:0.1276162543245533 course:8.58624445504197E-5  faculty:0.08253207806443694 department:0.3491440871932374 staff:3.484076313723754E-5
url-department-cornell-01388 faculty:0.4666666666666667 project:0.13333333333333333 course:0.0 student:0.06666666666666667  department:0.33333333333333326 staff:0.0
url-project-cornell-00512 student:0.3574979372837131 project:0.26241226086854275 course:0.02777726762691889  faculty:0.18710921427253366 department:0.15758332203097408 staff:0.007619997917317571
url-student-cornell-01088 student:0.7948225566958553 project:0.08735347206052918 course:0.0032076277926608556  faculty:0.08779646011058216 department:0.024646885395557115 staff:0.00217299794481536
url-student-cornell-01000 student:0.6308238672432839 project:0.0473937882192175 course:0.021785977762829138  faculty:0.15174546089823066 department:0.10251837749301865 staff:0.045732528383420096
url-student-cornell-01201 student:0.8719219077776899 project:0.010097050056068986 course:0.0019149210706102733  faculty:0.09377997543066785 department:0.021264157195692468 staff:0.0010219884692706245
url-student-cornell-01057 student:0.8407818396427724 project:0.009736441125495095 course:0.016132245318088476  faculty:0.09757354773671542 department:0.034790437295846306 staff:9.854888810823877E-4
url-faculty-cornell-00278 faculty:0.304475386335506 project:0.05627280265875162 course:0.04606519089887069 student:0.3012986420028897  department:0.2542115720397385 staff:0.037676406064243474
url-student-cornell-01016 student:0.7829251798341886 project:0.018580672693753113 course:0.06772659858857671  faculty:0.08099611427149259 department:0.04900917801888664 staff:7.622565931023992E-4
url-faculty-cornell-00267 student:0.8333899396328109 project:0.01345095230713481 course:0.0030509674948456045  faculty:0.10374218936358204 department:0.023767797111598675 staff:0.022598154090027887
url-faculty-cornell-00257 student:0.8550675539284867 project:0.009736441125495095 course:0.016132245318088476  faculty:0.09757354773671542 department:0.020504723010132023 staff:9.854888810823877E-4
#1
url-student-cornell-01009 student:0.7886229530543652 project:0.04162207699108242 course:0.014300636441811888  faculty:0.09868890834869869 department:0.05632806111398582 staff:4.3736405005584086E-4
url-student-cornell-01117 department:0.5454545454545454 project:0.0 course:0.09090909090909091 student:0.36363636363636365 faculty:0.0  staff:0.0
url-faculty-cornell-00424 student:0.5 project:0.1 course:0.2  faculty:0.0 department:0.2 staff:0.0
url-department-cornell-01384 department:0.4789960518335855 project:0.14457129482953224 course:0.013014216869504762 student:0.3380723263903401 faculty:0.02045669309207929  staff:0.004889416984957991
url-project-cornell-00529 faculty:0.4090834484970419 project:0.28273346215100525 course:0.005736028406103919 student:0.01880128549824226  department:0.2821252873798587 staff:0.0015204880677478464
url-faculty-cornell-00292 faculty:0.3742352931395676 project:0.0721174056887422 course:0.03706567043464253 student:0.27653088277108767  department:0.20563633622535682 staff:0.034414411740603015
url-project-cornell-00510 project:0.5307027533690774  course:0.027935710723913702 student:0.1915921009024661 faculty:0.08575244579310345 department:0.16278096536212575 staff:0.0012360238493135333
url-department-cornell-01382 department:0.46717576062454746 project:0.1280687245916331 course:0.13804425340210866 student:0.21045008408105276 faculty:0.05072484984010653  staff:0.005536327460551554
url-student-cornell-01091 faculty:0.2537491726487353 project:0.20938089531503346 course:0.06921233437466535 student:0.143809514040159  department:0.1864946486797125 staff:0.13735343494169439
url-student-cornell-01070 student:0.6728340608404113 project:0.045809757460744956 course:0.027027031850390043  faculty:0.1332461152609392 department:0.10760259730685959 staff:0.013480437280654881
url-student-cornell-01110 student:0.7989995708577121 project:0.03559078853043877 course:0.02106775007920414  faculty:0.10656639398486577 department:0.03733237770759089 staff:4.431188401881544E-4
url-student-cornell-01033 student:0.86257729459535 project:0.017850369308345885 course:0.0014985037928817112  faculty:0.09776364359777481 department:0.019811269715213468 staff:4.989189904340704E-4
url-department-cornell-01392 project:0.7092344819965795  course:0.17242553725100612 student:0.025470207780460562 faculty:0.04239110343111771 department:0.04785760848428517 staff:0.0026210610565508873
url-department-cornell-01380 student:0.3737730809416774 project:0.040574706937544586 course:0.06161146908302863  faculty:0.20098025108302858 department:0.2919749163306403 staff:0.031085575624080517
url-faculty-cornell-00263 student:0.6250282177039433 project:0.05110090274958885 course:0.027961308450148686  faculty:0.1619982159616456 department:0.1160648463725526 staff:0.017846508762120898
url-student-cornell-01099 student:0.39417956333114035 project:0.04654587491134311 course:0.06489489991942819  faculty:0.20688805431015306 department:0.25479945409663995 staff:0.03269215343129516
url-student-cornell-01100 student:0.28201928247363395 project:0.24100193226507916 course:0.0860404260915588  faculty:0.13625172745562952 department:0.23187931069788098 staff:0.0228073210162177
url-faculty-cornell-00288 faculty:0.3214219935524546 project:0.05476863963393866 course:0.05049526117183188 student:0.3187522171084383  department:0.2294176174664282 staff:0.025144271066908454
url-student-cornell-01198 student:0.5797692133415332 project:0.09553611377440227 course:0.033664724953254926  faculty:0.13614059081963892 department:0.14270955075456487 staff:0.01217980635660599
url-project-cornell-01163 student:0.3174540988114732 project:0.14571970980589252 course:0.06063945747233073  faculty:0.19491399803230403 department:0.2454972973681926 staff:0.03577543850980712
url-student-cornell-01060 student:0.5992396904316519 project:0.06452939188408993 course:0.04584956118533736  faculty:0.15864973904621313 department:0.11068266154451448 staff:0.021048955908193254
url-project-cornell-01161 project:0.5260162485836527  course:0.041868275699855566 student:0.05804023845053613 faculty:0.08771794014713108 department:0.2849337793357815 staff:0.0014235177830431022
url-student-cornell-01042 student:0.8229862318024816 project:0.016065332377511298 course:0.028015320080260198  faculty:0.10798727923799734 department:0.024496809410358783 staff:4.490270913906633E-4
url-student-cornell-01040 student:0.86257729459535 project:0.017850369308345885 course:0.0014985037928817112  faculty:0.09776364359777481 department:0.019811269715213468 staff:4.989189904340704E-4
url-department-cornell-01390 department:0.430259823178215 project:0.18392357770452256 course:0.02255797590714159 student:0.21932536574325617 faculty:0.10212493469293743  staff:0.04180832277392718
url-faculty-cornell-00269 project:0.8571428571428571  course:0.0 student:0.0 faculty:0.14285714285714285 department:0.0 staff:0.0
url-project-cornell-00513 project:0.6841046245013953  course:0.00994846071123137 student:0.21810593501627398 faculty:0.03418283137842732 department:0.05203016460875738 staff:0.0016279837839147842
url-faculty-cornell-01148 faculty:0.3214219935524546 project:0.054768639633938646 course:0.050495261171831854 student:0.31875221710843826  department:0.2294176174664282 staff:0.025144271066908447
url-faculty-cornell-00427 faculty:0.449682124877019 project:0.19660748186286828 course:0.0037899660920206702 student:0.3323408811757171  department:0.015343581085512037 staff:0.002235964906862945
url-course-cornell-00012 course:0.49223471869374846 project:0.06734001063275381  student:0.2328705743215017 faculty:0.08997722563305809 department:0.11731251232096947 staff:2.6495839796831513E-4
url-faculty-cornell-00266 student:0.8353002431494564 project:0.023844754242144717 course:0.0014146714128603567  faculty:0.09928735584405314 department:0.039681967912963745 staff:4.7100743852167466E-4
url-department-cornell-01383 course:0.6091323349591797 project:0.002104375332273557  student:0.13227720544754695 faculty:0.0028117883010330656 department:0.25366601601003036 staff:8.27994993650985E-6
url-project-cornell-00536 project:0.29000380205994686  course:0.19332524835287673 student:0.1624644666325535 faculty:0.20188804033462077 department:0.0556530992728948 staff:0.0966653433471073
url-student-cornell-01096 faculty:0.42624220889341624 project:0.05891953120290035 course:0.1136677072736723 student:0.2761858392034808  department:0.12341614020663355 staff:0.001568573219896665
url-faculty-cornell-00271 student:0.3276186177669964 project:0.2127593938614722 course:0.045342712485276  faculty:0.16496359654435286 department:0.20576454190735036 staff:0.043551137434552134
#2
url-student-cornell-01039 student:0.8488233700115828 project:0.00948865409992133 course:0.0019039761061650355  faculty:0.11885625167529928 department:0.019594859527675867 staff:0.0013328885793558337
url-course-cornell-00022 course:0.437856990725502 project:0.062191414796599995  student:0.3038705055472728 faculty:0.06201715491703293 department:0.1340639340135923 staff:5.268623137064176E-23
url-student-cornell-01065 student:0.8025351357958643 project:0.028680573308069418 course:0.0019927560562227973  faculty:0.10706018793830262 department:0.03203018811076334 staff:0.027701158790777586
url-department-cornell-01391 student:0.33305788582220897 project:0.09626788413962535 course:0.05021891348476904  faculty:0.2724757079348097 department:0.21150325406108356 staff:0.03647635455750334
url-student-cornell-01104 department:0.75 project:0.0 course:0.0 student:0.25 faculty:0.0  staff:0.0
url-faculty-cornell-00294 student:0.34330841895792796 project:0.059877442300258675 course:0.048383178750679975  faculty:0.3370699722952785 department:0.18674014297498864 staff:0.024620844720866404
url-student-cornell-01085 student:0.8166052427191921 project:0.015840057663120695 course:0.001784977599529721  faculty:0.12531662483448197 department:0.03920351414052947 staff:0.0012495830431460942
url-course-cornell-00247 course:0.5 project:0.0  student:0.25 faculty:0.0 department:0.25 staff:0.0
url-student-cornell-01092 faculty:0.33221246570914087 project:0.23278742050312073 course:0.004721205148185923 student:0.09928651469375757  department:0.09633559378029666 staff:0.23465680016549834
url-student-cornell-01028 student:0.755973760341108 project:0.014534676630697237 course:0.042272391724913275  faculty:0.1405355066159922 department:0.016622028226317167 staff:0.030061636460972006
url-student-cornell-01106 faculty:0.27847311235481387 project:0.19106984920473527 course:0.10343731279207342 student:0.17527727647232497  department:0.11062528191377194 staff:0.14111716726228057
url-course-cornell-00027 student:0.4444444444444444 project:0.2222222222222222 course:0.0  faculty:0.1111111111111111 department:0.2222222222222222 staff:0.0
url-student-cornell-01050 student:0.836431787967618 project:0.02394867374809766 course:0.0018761808345421883  faculty:0.11712112391361604 department:0.019308803184206143 staff:0.001313430351919982
url-student-cornell-01093 faculty:0.36241359895542635 project:0.16304082236704076 course:0.005150405616202826 student:0.10831256148409917  department:0.10509337503305088 staff:0.25598923654418
url-student-cornell-01062 student:0.8488233700115828 project:0.009488654099921329 course:0.0019039761061650355  faculty:0.11885625167529926 department:0.019594859527675864 staff:0.0013328885793558337
url-course-cornell-00014 course:0.44356884233353344 project:0.05725405154219994  student:0.16579859430363816 faculty:0.05429163358955989 department:0.2790868782310686 staff:5.604320152871008E-23
url-student-cornell-01010 student:0.8256511067968835 project:0.009149773596352712 course:0.016121691245230572  faculty:0.12889709982975286 department:0.01889504311597316 staff:0.0012852854158074112
url-student-cornell-01061 student:0.8521098184895919 project:0.009282379010792607 course:0.0018625853212484048  faculty:0.11627242011714059 department:0.01916888432055248 staff:0.0013039127406741853
url-student-cornell-01196 student:0.7445193513244655 project:0.012893822318185127 course:0.05181873058366378  faculty:0.14640328787124204 department:0.015275552477948911 staff:0.029089255424494566
url-project-cornell-00433 student:0.628214706242817 project:0.05589587611451343 course:0.024183588126474094  faculty:0.16582531717317434 department:0.11295702582375716 staff:0.01292348651926406
url-faculty-cornell-00430 project:0.5  course:0.0 student:0.0 faculty:0.25 department:0.25 staff:0.0
url-course-cornell-00254 department:0.16666666666666663 project:0.16666666666666663 course:0.16666666666666663 student:0.16666666666666663 faculty:0.16666666666666663  staff:0.16666666666666663
url-student-cornell-01018 student:0.8225910683756835 project:0.009641469098060646 course:0.0021482192946515257  faculty:0.1295967983448369 department:0.03452899711231224 staff:0.001493447774455264
url-department-cornell-01379 student:0.39418568940770926 project:0.07847883933717169 course:0.045862146213585316  faculty:0.22755459045659576 department:0.22328255659978324 staff:0.030636177985154646
url-student-cornell-01043 student:0.6549001174823984 project:0.023744182840733735 course:0.03760867786103469  faculty:0.1723301152974218 department:0.08632490581987645 staff:0.025092000698534976
url-faculty-cornell-00299 faculty:0.3509265605377827 project:0.27061553658522225 course:0.002640862991976949 student:0.2014617264537809  department:0.1671193153085389 staff:0.0072359981226983805
url-faculty-cornell-00279 faculty:0.5918804149412837 project:0.08226308010254597 course:0.07122857475347207 student:0.08060434004182772  department:0.1717072105879529 staff:0.0023163795729175636
url-student-cornell-01186 student:0.836431787967618 project:0.009350133602112258 course:0.016474720980527588  faculty:0.11712112391361604 department:0.019308803184206143 staff:0.001313430351919982
url-faculty-cornell-00282 student:0.3433084189579279 project:0.059877442300258675 course:0.048383178750679975  faculty:0.3370699722952785 department:0.18674014297498864 staff:0.024620844720866404
url-student-cornell-01114 student:0.6613879308576411 project:0.20385877319549622 course:0.0040493523630604645  faculty:0.05118838191189668 department:0.07697001499992859 staff:0.0025455466719769117
url-student-cornell-01111 student:0.5792492139965083 project:0.28863445187545883 course:0.002690191071049586  faculty:0.022350173416413974 department:0.10557475465196786 staff:0.00150121498860149
url-department-cornell-01393 department:0.2967452126938641 project:0.143435243092532 course:0.20661413054001204 student:0.2699479156582183 faculty:0.08325749801537359  staff:5.373995599805458E-23
url-project-cornell-01162 project:0.40520481560384436  course:0.029112236940254926 student:0.14898949410041554 faculty:0.2430559763665473 department:0.15881646959251203 staff:0.014821007396425806
url-student-cornell-01068 student:0.6494681586409684 project:0.023710928394830015 course:0.02663912989362912  faculty:0.17330090287662459 department:0.09718903055903616 staff:0.029691849634911702
url-student-cornell-01001 student:0.6680761693962882 project:0.02531844896397104 course:0.028445172598281943  faculty:0.16810096408859915 department:0.0953035411054115 staff:0.01475570384744809
#3
url-faculty-cornell-00291 faculty:0.4619941152178054 project:0.14586836543880843 course:0.048226097423441125 student:0.2108669796609486  department:0.13139432768902629 staff:0.0016501145699701562
url-student-cornell-01017 student:0.8556701735763979 project:0.016174762216495556 course:8.383792960345868E-4  faculty:0.11073601500866706 department:0.016520222606187997 staff:6.0447296216959055E-5
url-project-cornell-00437 faculty:0.39000782471706474 project:0.10940927566939666 course:0.03740354675678404 student:0.326732879371286  department:0.13523227034549817 staff:0.0012142031399701792
url-student-cornell-01020 student:0.8556701735763979 project:0.016174762216495556 course:8.383792960345868E-4  faculty:0.11073601500866706 department:0.016520222606187997 staff:6.044729621695904E-5
url-staff-cornell-01180 student:0.39403887043680785 project:0.06804305434344428 course:0.045738745389291735  faculty:0.25746468264609906 department:0.2005086521832639 staff:0.034205995001093135
url-project-cornell-00436 faculty:0.2969925836621854 project:0.24999704056680733 course:0.044562666925378656 student:0.19179825824960717  department:0.1792709264816295 staff:0.037378524114392
url-course-cornell-00020 course:0.3275229857677055 project:0.23271990587798214  student:0.2224468210353867 faculty:0.1278351802395032 department:0.0881242482849743 staff:0.001350858794448139
url-faculty-cornell-00280 student:0.34821844995780193 project:0.049083008906914506 course:0.042204565789469  faculty:0.3474672397051792 department:0.19683883605721175 staff:0.016187899583423572
url-staff-cornell-00558 faculty:0.2856537543664142 project:0.23790021864046546 course:0.061410451875787975 student:0.2432788753181492  department:0.13377529626359128 staff:0.037981403535591866
url-course-cornell-00030 course:1.0 project:0.0  student:0.0 faculty:0.0 department:0.0 staff:0.0
url-faculty-cornell-00281 faculty:0.6963256402398367 project:0.05088754819449136 course:0.01109007903879286 student:0.1060064984772567  department:0.13376878679427381 staff:0.0019214472553486252
url-project-cornell-00528 faculty:0.4195385594569412 project:0.23121209805118065 course:0.002571393263551305 student:0.14061613755944563  department:0.20606031927150212 staff:1.492397379228141E-6
url-staff-cornell-01177 student:0.3489807683545541 project:0.2151692159702714 course:0.13939405068268193  faculty:0.25598281651352056 department:0.026209047256623715 staff:0.014264101222348294
url-department-cornell-01372 faculty:0.3046304436552924 project:0.21525595479285906 course:0.066162617819551 student:0.16281343225586573  department:0.2384942240028264 staff:0.01264332747360538
url-project-cornell-00527 project:0.3480601487020257  course:0.13704207431516377 student:0.1479651773668652 faculty:0.29515117516030764 department:0.0717018873286447 staff:7.953712699296644E-5
url-student-cornell-01048 student:0.8556701735763979 project:0.016174762216495556 course:8.383792960345868E-4  faculty:0.11073601500866706 department:0.016520222606187997 staff:6.044729621695904E-5
url-faculty-cornell-01149 faculty:0.6794939953946177 project:0.06292652850799894 course:0.012382759057671113 student:0.13864713851245997  department:0.10411249869318132 staff:0.0024370798340710457
url-course-cornell-00034 student:0.40451898249323825 project:0.038320462709984834 course:0.09798334477424905  faculty:0.23973449353201615 department:0.2009620424504096 staff:0.018480674040101935
url-project-cornell-00509 project:0.5965255954792859  course:0.031616261781955105 student:0.14128134322558655 faculty:0.13046304436552925 department:0.09884942240028263 staff:0.001264332747360538
url-project-cornell-00439 student:0.34821844995780193 project:0.049083008906914506 course:0.042204565789469  faculty:0.34746723970517923 department:0.19683883605721175 staff:0.016187899583423572
url-student-cornell-01012 student:0.8556701735763979 project:0.016174762216495556 course:8.383792960345868E-4  faculty:0.11073601500866706 department:0.016520222606187997 staff:6.0447296216959055E-5
url-course-cornell-00036 course:0.42562163914690576 project:0.008279075184340732  student:0.2754928243175333 faculty:0.08863963244828046 department:0.20148054707703178 staff:4.8628182590789923E-4
url-course-cornell-00245 faculty:0.5 project:0.0 course:0.5 student:0.0  department:0.0 staff:0.0
url-student-cornell-01045 student:0.8556701735763979 project:0.016174762216495556 course:8.383792960345868E-4  faculty:0.11073601500866706 department:0.016520222606187997 staff:6.0447296216959055E-5
url-course-cornell-00032 course:0.7142857142857143 project:0.0  student:0.14285714285714285 faculty:0.0 department:0.14285714285714285 staff:0.0
url-faculty-cornell-00276 student:0.38378550120715715 project:0.14188568860188952 course:0.03974539254517766  faculty:0.23062448285109305 department:0.17423510465580178 staff:0.029723830138880938
url-staff-cornell-01176 student:0.44530625084319886 project:0.13739314606172998 course:0.0018131619166066896  faculty:0.3599310355145098 department:0.055555353332469457 staff:1.0523314853531766E-6
url-course-cornell-00023 course:0.41186620587210393 project:0.07938656058626971  student:0.25404590968632074 faculty:0.06079120015597492 department:0.1936568692045754 staff:2.5325449475524487E-4
url-student-cornell-01019 student:0.8121065803149214 project:0.021154354593357523 course:0.03115051244068984  faculty:0.11360224619361836 department:0.021927029813784055 staff:5.927664362868699E-5
url-student-cornell-01103 department:0.3659423775795511 project:0.1312501531752065 course:0.009831334943517843 student:0.33033914186964985 faculty:0.16126265204671625  staff:0.0013743403853585486
url-student-cornell-01035 student:0.8045863681590624 project:0.026817903200172438 course:0.03277680259592737  faculty:0.12147026939852595 department:0.014296346486124233 staff:5.231016018775303E-5
url-student-cornell-01075 student:0.6204296164577369 project:0.05474683035089226 course:0.04506199344787908  faculty:0.16060943553457221 department:0.11140556250453137 staff:0.007746561704388236
url-course-cornell-00244 course:0.5165406544548878 project:0.05381398869821477  student:0.04070335806396643 faculty:0.32615761091382317 department:0.0596235560007066 staff:0.0031608318684013454
url-department-cornell-01376 student:0.4249920987051054 project:0.04401162053820039 course:0.053129386077355345  faculty:0.2258336757397414 department:0.23080789033908433 staff:0.021225328600513117
url-course-cornell-00024 department:0.48554504064161375 project:0.06053626359358154 course:0.34076801971194604 student:0.07765995019523267 faculty:0.03516239562610903  staff:3.2833023151683575E-4
#4
url-student-cornell-01007 student:0.8341385762437632 project:0.04326673474281499 course:0.0026067758907198707  faculty:0.10066455343507877 department:0.018129361307012842 staff:0.0011939983806102763
url-faculty-cornell-00264 student:0.7751629969596021 project:0.019655722346903864 course:0.04170516643990055  faculty:0.11868203922966127 department:0.015419019340304959 staff:0.029375055683627256
url-student-cornell-01063 student:0.849411369908984 project:0.022954355620821487 course:0.02218095837026426  faculty:0.09287824278883436 department:0.011395858061664524 staff:0.00117921524943138
url-project-cornell-00540 department:0.45833333333333326 project:0.20833333333333331 course:0.0 student:0.125 faculty:0.20833333333333331  staff:0.0
url-project-cornell-01164 project:0.45149278798297265  course:0.11795371727306163 student:0.00297211315018411 faculty:0.18542133040187087 department:0.2416450094787384 staff:5.150417131723197E-4
url-faculty-cornell-00272 project:0.33925709373931867  course:0.0014736215976364029 student:0.17093686900050092 faculty:0.2403668343381128 department:0.16538508722415352 staff:0.08258049410027761
url-student-cornell-01108 department:1.0 project:0.0 course:0.0 student:0.0 faculty:0.0  staff:0.0
url-student-cornell-01107 course:0.33037756563203485 project:0.019931458324892085  student:0.23670628612091132 faculty:0.09443996095640719 department:0.31845247833536283 staff:9.225063039167023E-5
url-faculty-cornell-00293 faculty:0.4548088154172657 project:0.14649985153755582 course:2.3451753357183597E-4 student:0.1403407321617611  department:0.21846007659221778 staff:0.039656006757627725
url-student-cornell-01052 student:0.6560560059260307 project:0.02998573662707553 course:0.04295439738429603  faculty:0.1669665602607532 department:0.09142717630487637 staff:0.012610123496968098
url-student-cornell-01056 student:0.8349134813845437 project:0.01719258157645179 course:0.02551410084360381  faculty:0.09496871000769139 department:0.02620355261928314 staff:0.001207573568426131
url-course-cornell-00242 student:1.0 project:0.0 course:0.0  faculty:0.0 department:0.0 staff:0.0
url-student-cornell-01187 student:0.8555589786370206 project:0.020728590115225806 course:0.002787825252293892  faculty:0.11256801560267468 department:0.0069204434135044755 staff:0.0014361469792805006
url-project-cornell-00435 project:0.35739709471184555  course:3.874032760996527E-4 student:0.2790710871480412 faculty:0.2733353489299932 department:0.01789492325303233 staff:0.07191414268098806
url-student-cornell-01032 student:0.6598922117032773 project:0.031890828840015935 course:0.027167034351773315  faculty:0.1580712720877648 department:0.10937313817465617 staff:0.013605514842512559
url-student-cornell-01005 student:0.6614337279707956 project:0.030987040168436536 course:0.026397118398484194  faculty:0.16168868542940712 department:0.10627349458266186 staff:0.013219933450214631
url-student-cornell-01115 student:0.375 project:0.25 course:0.125  faculty:0.125 department:0.0 staff:0.125
url-course-cornell-01126 student:0.31074206969858087 project:0.10832188504152881 course:0.253736613794985  faculty:0.18038258703295967 department:0.14669218244819526 staff:1.246619837503011E-4
url-student-cornell-01191 student:0.7313247411741377 project:0.02287456347491103 course:0.05904315111394392  faculty:0.12131873222195545 department:0.01955735840739655 staff:0.04588145360765532
url-project-cornell-00538 project:0.6  course:0.0 student:0.0 faculty:0.4 department:0.0 staff:0.0
url-student-cornell-01188 student:0.8443967866426789 project:0.04421489180019844 course:0.022117487218533072  faculty:0.08285466479407616 department:0.005363131985931399 staff:0.001053037558581999
url-department-cornell-01377 student:0.6431103185104223 project:0.0359366308017142 course:0.026032011005438983  faculty:0.16644293969140764 department:0.105154463741142 staff:0.023323636249874838
url-course-cornell-01131 course:0.282267639513468 project:0.05777876229226321  student:0.27571835969003144 faculty:0.18501790180555083 department:0.1988442864400913 staff:3.73050258595228E-4
url-faculty-cornell-00300 project:0.3507547914210694  course:0.010426387284095763 student:0.10105184710625975 faculty:0.30432523366361075 department:0.21593032227710546 staff:0.017511418247858873
url-student-cornell-01002 student:0.8548213739136175 project:0.0327668763092326 course:0.0027117202356216606  faculty:0.10304739345914471 department:0.005344309674255532 staff:0.0013083264081282465
url-student-cornell-01055 student:0.8674853942678933 project:0.01843749669899901 course:0.002751893868741981  faculty:0.1045740215103913 department:0.00542348463239265 staff:0.0013277090215819982
url-student-cornell-01185 student:0.7085796124891695 project:0.04185570919040921 course:0.03613913775557899  faculty:0.128701020196607 department:0.07820637729363245 staff:0.006518143074602871
url-course-cornell-01127 course:0.16666666666666663 project:0.16666666666666663  student:0.16666666666666663 faculty:0.16666666666666663 department:0.16666666666666663 staff:0.16666666666666663
url-faculty-cornell-00277 department:0.42318386477446945 project:0.08682130909920077 course:0.16967826147963155 student:0.14238163437409745 faculty:0.17739175168305057  staff:5.431785895502397E-4
url-course-cornell-01130 course:0.3228330385937394 project:0.05472810251635814  student:0.26865636636527174 faculty:0.12221590466594368 department:0.23124121460558084 staff:3.25373253106248E-4
url-course-cornell-00007 course:0.43009535341680116 project:0.07263260052645087  student:0.291580500131448 faculty:0.03284488724319604 department:0.17215891490018015 staff:6.877437819237638E-4
url-student-cornell-01190 student:0.8674853942678933 project:0.01843749669899901 course:0.002751893868741981  faculty:0.1045740215103913 department:0.00542348463239265 staff:0.0013277090215819982
url-faculty-cornell-00287 faculty:0.560175149113359 project:0.07448024633007155 course:5.29420397575162E-4 student:0.16607008846657814  department:0.19706864988628287 staff:0.0016764458061332686
url-course-cornell-00025 department:0.4493976458981459 project:0.030496907647160024 course:0.1511578696700926 student:0.3026841203641625 faculty:0.06617307544255858  staff:9.03809778804864E-5
url-faculty-cornell-00258 student:0.823646937655311 project:0.02194016855094104 course:0.0026129892767940534  faculty:0.13304909198557677 department:0.01740130746076079 staff:0.0013495050706164523
#5
url-course-cornell-00029 course:0.7337278106508875 project:4.653238916698116E-19  student:0.08875739644970415 faculty:4.835718874215692E-19 department:0.17751479289940827 staff:5.474398725527193E-20
url-student-cornell-01026 student:0.8667177030065542 project:0.01722662139533852 course:0.002882786640277437  faculty:0.09163714638949388 department:0.020729091851401173 staff:8.066507169348016E-4
url-student-cornell-01120 course:0.6 project:0.0  student:0.0 faculty:0.0 department:0.4 staff:0.0
url-student-cornell-01006 student:0.6412114061922412 project:0.04035224786559887 course:0.04760468976478499  faculty:0.14963848814752131 department:0.10786559651837357 staff:0.01332757151148006
url-student-cornell-01105 course:0.4366152915570481 project:0.002196472673358281  student:0.40103868708644586 faculty:0.012594900268241477 department:0.1474517967752242 staff:1.02851639682033E-4
url-department-cornell-01387 course:0.3452072990337504 project:0.007106051992711215  student:0.25410611575236414 faculty:0.09407036492774236 department:0.29851697324938836 staff:9.931950440434773E-4
url-faculty-cornell-00425 student:0.2222222222222222 project:0.1111111111111111 course:0.2222222222222222  faculty:0.2222222222222222 department:0.2222222222222222 staff:0.0
url-course-cornell-01128 faculty:1.0 project:0.0 course:0.0 student:0.0  department:0.0 staff:0.0
url-course-cornell-00251 student:0.33333333333333326 project:0.0 course:0.33333333333333326  faculty:0.0 department:0.33333333333333326 staff:0.0
url-faculty-cornell-00297 faculty:0.3249226933923134 project:0.06642403672169234 course:0.05037045772002254 student:0.32195165936794234  department:0.21205906288634307 staff:0.024272089911686473
url-faculty-cornell-00262 student:0.8072708096051212 project:0.01537530871350797 course:0.056307040899336885  faculty:0.08816430187769035 department:0.03216257742656935 staff:7.199614777742311E-4
url-student-cornell-01031 student:0.5804378278677952 project:0.06650465369716194 course:0.03862311630552477  faculty:0.2146183824297116 department:0.08795465293640534 staff:0.011861366763401372
url-faculty-cornell-00283 faculty:0.43969424850534466 project:0.1664422141370998 course:0.005681782705698676 student:0.12130056617645843  department:0.24782279922255934 staff:0.01905838925283896
url-course-cornell-00016 course:0.635216562514568 project:0.008452959028814615  student:0.18055888347418847 faculty:0.08324997719745308 department:0.09092469054935062 staff:0.0015969272356252209
url-student-cornell-01078 student:0.8641962215430066 project:0.01762314863139664 course:0.0025511133488831618  faculty:0.09369925219453301 department:0.021105045851245875 staff:8.252184309345422E-4
url-department-cornell-01378 student:0.39288829704149436 project:0.06321114380232351 course:0.06271856357544121  faculty:0.21555292924291414 department:0.23474685605012102 staff:0.030882210287705793
url-faculty-cornell-00429 course:0.2823880806939654 project:0.14204135083262734  student:0.2718708723059927 faculty:0.060087979480778694 department:0.04627478730118468 staff:0.19733692938545114
url-course-cornell-00249 project:0.36111111111111105  course:0.0 student:0.08333333333333331 faculty:0.2777777777777778 department:0.2222222222222222 staff:0.05555555555555555
url-course-cornell-01129 course:0.591715976331361 project:3.6787083684459553E-19  student:0.13609467455621302 faculty:3.822971441718348E-19 department:0.27218934911242604 staff:4.327892198171711E-20
url-project-cornell-00516 faculty:1.0 project:0.0 course:0.0 student:0.0  department:0.0 staff:0.0
url-student-cornell-01080 student:0.665323572274362 project:0.03400183935450379 course:0.029416294739398795  faculty:0.151587166960323 department:0.10543220385041202 staff:0.01423892282100032
url-course-cornell-00008 student:0.36363636363636365 project:0.09090909090909091 course:0.2727272727272727  faculty:0.09090909090909091 department:0.18181818181818182 staff:0.0
url-student-cornell-01003 student:0.5866376360526461 project:0.040764827266457714 course:0.04035288844028428  faculty:0.17270895576537432 department:0.1398388232497837 staff:0.019696869225453967
url-project-cornell-00520 faculty:0.5 project:0.5 course:0.0 student:0.0  department:0.0 staff:0.0
url-course-cornell-00033 course:0.5122240976335946 project:0.01004419760280498  student:0.21503622630629324 faculty:0.1115968290395147 department:0.14993114585433437 staff:0.0011675035634583254
url-student-cornell-01200 student:0.7718453947054481 project:0.03233920132967308 course:0.03365958489214  faculty:0.1081826394031097 department:0.034151072428290054 staff:0.0198221072413391
url-course-cornell-00039 course:0.9467455621301776 project:5.88593338951353E-19  student:0.01775147928994083 faculty:6.116754306749358E-19 department:0.03550295857988166 staff:6.924627517074738E-20
url-student-cornell-01073 student:0.8578418375610728 project:0.01749356665616578 course:0.002532355162494315  faculty:0.0930102871048673 department:0.02830280286704554 staff:8.19150648354141E-4
url-faculty-cornell-00285 faculty:0.46143938662418926 project:0.09008773863629849 course:0.11732421828191797 student:0.13515224427919992  department:0.19362656944088263 staff:0.0023698427375118403
url-faculty-cornell-00259 student:0.6564823222500976 project:0.0330263767500713 course:0.03676910595589146  faculty:0.14518917446555962 department:0.11470259144486743 staff:0.013830429133512605
url-project-cornell-00525 course:0.3362122738394636 project:0.301514786740678  student:0.12416629976053267 faculty:0.09423004262051367 department:0.037446647760105305 staff:0.10642994927870678
url-student-cornell-01095 student:0.3270988206398347 project:0.06321735908685203 course:0.04793878045078008  faculty:0.32302987371130515 department:0.21561483226424372 staff:0.023100333846984365
url-faculty-cornell-00290 student:0.7032016049732048 project:0.0304154342241671 course:0.024285031210811953  faculty:0.1893760845634504 department:0.051504527643388004 staff:0.0012173173849777546
url-department-cornell-01396 department:0.3822073809287422 project:0.0460731596528625 course:0.10825095109012847 student:0.28789345091098617 faculty:0.1724593545975867  staff:0.0031157028196938732
url-faculty-cornell-00284 faculty:0.3241098780080457 project:0.07061942300858118 course:0.07826134385559333 student:0.3054273766214916  department:0.2052717642284667 staff:0.01631021427782136
#6
url-course-cornell-00017 student:0.36047300210454203 project:0.043026883878664476 course:0.22658125027512804  faculty:0.19271759511833741 department:0.16016299493605174 staff:0.017038273687276367
url-project-cornell-00539 faculty:0.4444444444444444 project:0.2222222222222222 course:8.690403977876527E-20 student:2.155888679127062E-19  department:0.3333333333333333 staff:8.356157671035121E-21
url-student-cornell-01021 student:0.8547136434779521 project:0.01754487410688778 course:0.0012865896972336216  faculty:0.10784899681440589 department:0.017963238189627983 staff:6.426577138927866E-4
url-course-cornell-00250 student:0.5 project:0.25 course:0.0  faculty:0.125 department:0.0 staff:0.125
url-student-cornell-01038 student:0.854713643477952 project:0.01754487410688777 course:0.0012865896972336212  faculty:0.10784899681440586 department:0.01796323818962798 staff:6.426577138927865E-4
url-project-cornell-00534 project:0.5  course:0.0 student:0.125 faculty:0.125 department:0.25 staff:0.0
