#0
url-student-texas-00899 student:0.9719713197058147 faculty:0.007108005176242535 course:0.0023316801482496288 department:0.004873571680149829  project:0.013386897081178545 staff:3.285262083646684E-4
url-student-texas-00934 student:0.8694699239478968 faculty:0.05454487388785992 course:0.024448467295482862 department:0.009634741394692628  project:0.041619854569162486 staff:2.821389049052742E-4
url-student-texas-00972 student:0.8178525968917214 faculty:0.04525677499908588 course:0.027431228569665476 department:0.06100012549106681  project:0.04395026416546692 staff:0.004509009882993428
url-student-texas-00947 student:0.9597197592590879 faculty:0.005378632868850508 course:0.0019154009179593132 department:0.0037943388247437876  project:0.028942541552402917 staff:2.493265769556796E-4
url-faculty-texas-00306 faculty:0.9166666666666665  course:0.0 department:0.08333333333333331 student:0.0 project:0.0 staff:0.0
url-faculty-texas-00344 faculty:0.4488483359471797  course:0.1429568977922024 department:0.04744992045155597 student:0.25004054676350285 project:0.10592969349203826 staff:0.004774605553520858
url-student-texas-00881 student:0.7944724594503048 faculty:0.10824591560287783 course:0.02287983070074988 department:0.013551966880047547  project:0.06069971699421818 staff:1.5011037180178048E-4
url-project-texas-00503 student:0.39050736642059214 faculty:0.13798033008523142 course:0.1287631286760376 department:0.11397050070726635  project:0.22481426628533563 staff:0.0039644078255368104
url-student-texas-00988 student:0.7707203523434829 faculty:0.06799613342055254 course:0.03475110167077478 department:0.03726171547014817  project:0.08251490919967716 staff:0.006755787895364294
url-student-texas-00973 student:0.9816993274917294 faculty:0.006028400597973388 course:0.0021467916328805725 department:0.0042527153270618305  project:0.005593318384236833 staff:2.794465661181107E-4
url-faculty-texas-00321 faculty:0.9357450198650292  course:0.005860496560660467 department:0.0034028916714291544 student:0.043790245868824226 project:0.010663646251857804 staff:5.376997821992328E-4
url-course-texas-00044 student:0.5848928674105619 faculty:0.014111926824103232 course:0.06972061238135543 department:0.25259038757116503  project:0.07800372542072033 staff:6.804803920941089E-4
url-student-texas-00932 student:0.8620231151010362 faculty:0.0459203618140167 course:0.02587137841198662 department:0.028429322882871033  project:0.03282775872598882 staff:0.004928063064100617
url-department-texas-01411 department:0.4178160007478052 faculty:0.019725733972942985 course:0.0069190511334094205  student:0.14583397054297978 project:0.4089137396473014 staff:7.915039555612682E-4
url-student-texas-00857 student:0.9075163945197449 faculty:0.030899783674287182 course:0.004234255368353886 department:0.01760138863279598  project:0.03940460077455002 staff:3.4357703026783313E-4
url-student-texas-00967 student:0.8594404348534121 faculty:0.04667394520105003 course:0.025674931129385258 department:0.029544355590643823  project:0.033880608789349266 staff:0.004785724436159557
url-department-texas-01407 student:0.6514715442383284 faculty:0.11623710433128193 course:0.06762934437101413 department:0.0707518302810201  project:0.08085032953596775 staff:0.013059847242387495
url-student-texas-00957 student:0.7469521735887061 faculty:0.09048996048113317 course:0.011310774684491681 department:0.025605134705170143  project:0.12224383186132273 staff:0.003398124679176125
url-student-texas-00975 student:0.7291698527148989 faculty:0.09862866986471493 course:0.0345952556670471 department:0.0890800037390263  project:0.04456869823650647 staff:0.003957519777806341
url-project-texas-00497 project:0.4602860044341564 faculty:0.1514147489202569 course:0.2451710989037676 department:0.11358459919391653 student:0.02930813724846485  staff:2.354112994377627E-4
url-faculty-texas-00320 student:0.4119097103315855 faculty:0.38549084938234635 course:0.0727390085847349 department:0.06742308446577336  project:0.05493527646354161 staff:0.007502070772018216
url-student-texas-00874 student:0.7551550481071871 faculty:0.05454615759590424 course:0.02452719534547359 department:0.13003091155906876  project:0.03555503996903469 staff:1.8564742333159617E-4
url-student-texas-00943 student:0.9816993274917294 faculty:0.006028400597973388 course:0.0021467916328805725 department:0.00425271532706183  project:0.005593318384236833 staff:2.794465661181107E-4
url-course-texas-01140 student:1.0 faculty:0.0 course:0.0 department:0.0  project:0.0 staff:0.0
url-project-texas-00496 student:0.4731613022575693 faculty:0.16693179293735022 course:0.044781731874927455 department:0.15479434821000662  project:0.1601242087205692 staff:2.066159995773154E-4
url-student-texas-01206 student:0.5333333333333333 faculty:0.0 course:0.0 department:0.26666666666666666  project:0.2 staff:0.0
url-faculty-texas-01155 student:0.49320970107249335 faculty:0.07265185599855213 course:0.08660008678175371 department:0.2742414741181483  project:0.05032871499769362 staff:0.0229681670313589
url-student-texas-00882 student:0.7763356897794796 faculty:0.05096121296226176 course:0.02824364090350237 department:0.09003304400126967  project:0.050624532933455056 staff:0.003801879420031521
url-student-texas-00981 student:0.7949804182188316 faculty:0.0361124028581899 course:0.005483403796129124 department:0.025681896447608446  project:0.13737084550564319 staff:3.7103317359779667E-4
url-student-texas-00898 student:0.9816993274917294 faculty:0.006028400597973388 course:0.0021467916328805725 department:0.0042527153270618305  project:0.005593318384236833 staff:2.794465661181107E-4
url-faculty-texas-00341 faculty:0.4669516490016966  course:0.030444949170802323 department:0.02804844528269516 student:0.1772400693955294 project:0.2870081726224479 staff:0.0103067145268287
url-student-texas-00861 student:0.9816993274917294 faculty:0.006028400597973388 course:0.0021467916328805725 department:0.00425271532706183  project:0.005593318384236833 staff:2.794465661181107E-4
url-student-texas-00908 student:0.7306229478191382 faculty:0.13135525629911418 course:0.03758624215843142 department:0.05052120512466236  project:0.043441065356384256 staff:0.006473283242269532
#1
url-faculty-texas-00345 student:0.524182883591539 faculty:0.3432132503968497 course:0.03020242407123549 department:0.023699846755478884  project:0.07728588606418677 staff:0.001415709120710143
url-student-texas-01213 student:0.36064406339887023 faculty:0.20231697715536068 course:0.006009049346216759 department:0.27226917397878986  project:0.15866270971447338 staff:9.80264062891558E-5
url-student-texas-00969 student:0.8017450535486028 faculty:0.050161783634909356 course:0.03168431901855008 department:0.0392750512844951  project:0.07306152558096023 staff:0.004072266932482343
url-student-texas-00905 student:0.9690672664592278 faculty:0.004376929810935922 course:0.014362642963134081 department:0.008386284022219677  project:0.0034891665073106598 staff:3.1771023717184577E-4
url-course-texas-00076 course:0.6959740860712633 faculty:0.15131883387320685  department:0.10782045349375288 student:4.627487274409996E-4 project:0.044423877834335955 staff:1.2478951601760227E-24
url-faculty-texas-00327 faculty:0.6134573534381927  course:0.02880734639892276 department:0.04452048357662957 student:0.1448711234431074 project:0.12791315848403673 staff:0.040430534659110715
url-student-texas-00954 student:0.8592920166844336 faculty:0.04631354512620564 course:0.02768939544557289 department:0.032418478137683955  project:0.02967184448550088 staff:0.004614720120602943
url-student-texas-00863 student:0.7881252308654838 faculty:0.08032560174676662 course:0.03070236763198323 department:0.0340184041982531  project:0.061321123492153115 staff:0.005507272065360137
url-faculty-texas-00319 student:0.43286387829522915 faculty:0.37102671420329636 course:0.00969899671276283 department:0.10926495775838807  project:0.07664989249077794 staff:4.955605395456605E-4
url-student-texas-00966 student:0.8788348664681735 faculty:0.0580605166686842 course:0.0058902049635685275 department:0.010613414433334975  project:0.04636374195465259 staff:2.3725551158602158E-4
url-faculty-texas-00322 faculty:0.6832079833260356  course:0.05370587853181229 department:0.05840574243543441 student:0.16075631662740264 project:0.04304796807310574 staff:8.761110062093299E-4
url-course-texas-01138 course:0.6666666666666665 faculty:0.16666666666666663  department:0.0 student:0.16666666666666663 project:0.0 staff:0.0
url-course-texas-00063 course:0.7107820453493753 faculty:0.11198519204072191  department:0.06756131420638595 student:0.02174919018972698 project:0.08792225821378993 staff:1.2620608927896324E-24
url-course-texas-01144 faculty:0.4772523467822559  course:0.24090489442127083 department:0.1622092067199123 student:0.10144865758114367 project:0.017994146554102138 staff:1.9074794131507413E-4
url-student-texas-00921 student:0.8280192935583749 faculty:0.06805559303745654 course:0.02163237440437612 department:0.02232250623276514  project:0.05640239301460841 staff:0.003567839752418858
url-project-texas-00494 project:0.3605721019080424 faculty:0.10662644460390969 course:0.04625146055062819 department:0.24550991868287825 student:0.20166794005106772  staff:0.039372134203473776
url-student-texas-00974 student:0.9598763366135862 faculty:0.03052857516118895 course:0.0021416634143074493 department:0.002229334909690038  project:0.004936057238945646 staff:2.88032662281952E-4
url-student-texas-01215 course:0.33333333333333326 faculty:0.0  department:0.0 student:0.0 project:0.33333333333333326 staff:0.33333333333333326
url-student-texas-01203 project:0.3803297149368349 faculty:0.358894056393258 course:0.0012003060999551149 department:0.04352168681569289 student:0.17270296347679612  staff:0.04335127227746294
url-student-texas-00958 student:0.9412129156008462 faculty:0.0178001223683194 course:0.001798088887075583 department:0.008538510505728424  project:0.023592830834336255 staff:0.007057531803693954
url-student-texas-00854 student:0.9891596777062805 faculty:0.0039953956932874185 course:0.0015117976175309418 department:0.0017786900877984147  project:0.0032810184482873718 staff:2.7342044681534836E-4
url-student-texas-00986 student:0.8238671506019397 faculty:0.06719412983445076 course:0.021358546880270095 department:0.02836905678678077  project:0.05568843867265134 staff:0.003522677223907227
url-student-texas-00876 student:0.9890141700244857 faculty:0.004049025165680538 course:0.0015320902030011557 department:0.0018025651225339638  project:0.003325058964371767 staff:2.770905199269638E-4
url-student-texas-00976 student:0.8592920166844336 faculty:0.04631354512620564 course:0.02768939544557289 department:0.032418478137683955  project:0.02967184448550088 staff:0.004614720120602943
url-course-texas-01134 student:0.6338933483359263 faculty:0.17785927444644237 course:0.04785532487347294 department:0.02661409816794668  project:0.11359005106603531 staff:1.8790311017649025E-4
url-student-texas-00942 student:0.7967909347476894 faculty:0.07271782402013573 course:0.03250936162475969 department:0.04210071673284392  project:0.04946841028688216 staff:0.006412752587689105
url-student-texas-00927 student:0.8898002340603122 faculty:0.04936313712649302 course:0.006247101544468334 department:0.0025081475432152697  project:0.05183527276086018 staff:2.461069646509977E-4
url-department-texas-01416 department:1.0 faculty:0.0 course:0.0  student:0.0 project:0.0 staff:0.0
url-project-texas-01166 staff:0.16666666666666663 faculty:0.16666666666666663 course:0.16666666666666663 department:0.16666666666666663 student:0.16666666666666663 project:0.16666666666666663 
url-student-texas-00852 student:0.9890141700244857 faculty:0.004049025165680538 course:0.0015320902030011557 department:0.0018025651225339638  project:0.003325058964371767 staff:2.7709051992696375E-4
url-faculty-texas-00331 student:0.446824811470905 faculty:0.3430284388667717 course:0.05220000744926211 department:0.09637870632355078  project:0.05478520647570626 staff:0.006782829413804178
url-faculty-texas-00333 faculty:0.4877881733798  course:0.03875453567895144 department:0.0352087907238465 student:0.3904486970126001 project:0.04211571507750794 staff:0.005684088127293895
url-department-texas-01421 department:0.3920168233736744 faculty:0.13764481107221005 course:3.7556558413854744E-4  student:0.0850402539624294 project:0.3849164193571546 staff:6.126650393072241E-6
url-department-texas-01418 department:0.4262064658048752 faculty:0.06509567321199468 course:0.23801479179709584  student:0.18833340823829808 project:0.08003365305341426 staff:0.002316007894321987
#2
url-student-texas-00994 student:0.8603880034685594 faculty:0.09182449587051209 course:0.01843471568326056 department:0.00255684691341409  project:0.02677062583109023 staff:2.5312233163590026E-5
url-student-texas-00965 student:0.9547323561836178 faculty:0.007629084511282924 course:0.017104397330718304 department:0.01642908072868121  project:0.004075294607215317 staff:2.9786638484298488E-5
url-student-texas-00884 student:0.985944087275858 faculty:0.00620510829675347 course:0.0020136320293635637 department:0.002154768817806792  project:0.0036516257197037483 staff:3.077786051439679E-5
url-student-texas-00933 student:0.985944087275858 faculty:0.00620510829675347 course:0.0020136320293635637 department:0.002154768817806792  project:0.0036516257197037475 staff:3.077786051439679E-5
url-student-texas-00982 student:0.8588159988729263 faculty:0.055847125465347515 course:0.024450797201426323 department:0.02992079413874791  project:0.030944067481628396 staff:2.1216839923425958E-5
url-student-texas-00904 student:0.8588159988729263 faculty:0.055847125465347515 course:0.024450797201426323 department:0.02992079413874791  project:0.030944067481628396 staff:2.1216839923425958E-5
url-faculty-texas-00304 faculty:0.9234322612470314  course:0.0013200193927756952 department:0.04733742948134712 student:0.024739684036644304 project:0.0030742737014248754 staff:9.633214077681268E-5
url-faculty-texas-00337 student:0.4913545816507603 faculty:0.33676942829834194 course:0.015118194602032809 department:0.0339939601614442  project:0.11950032678372782 staff:0.0032635085036929476
url-student-texas-00870 student:0.8499072715439842 faculty:0.06103720616549017 course:0.023262906216185854 department:0.03228020728374714  project:0.03349157766333941 staff:2.0831127253125945E-5
url-student-texas-00923 student:0.8263913174753044 faculty:0.07262614190751138 course:0.02544751820322517 department:0.023300327061343634  project:0.05214099404204506 staff:9.37013105702273E-5
url-faculty-texas-00323 faculty:0.4950216757188849  course:0.012695062550905873 department:0.03812942778137484 student:0.36461887011164673 project:0.084393888220341 staff:0.005141075616846647
url-department-texas-01426 course:0.3340460165554465 faculty:0.25031787852130344  department:0.209017878363695 student:0.12311384817431736 project:0.08350313727530062 staff:1.2411099368457716E-6
url-student-texas-01216 student:0.6679220658612539 faculty:0.11266968331944122 course:0.04399819488781547 department:0.10242745995907576  project:0.07297469515669869 staff:7.900815714901176E-6
url-student-texas-00916 student:0.7370189627971474 faculty:0.07536960679398459 course:0.05225232410679168 department:0.055961382124825224  project:0.07932125986951594 staff:7.646430773520706E-5
url-student-texas-00867 student:0.8632246516941133 faculty:0.051557851336847704 course:0.010534645114845295 department:0.03528072825586039  project:0.03928456416706405 staff:1.1755943126928716E-4
url-student-texas-01205 student:0.5986142643667809 faculty:0.1508851726311513 course:0.0621872439669106 department:0.09989119642090184  project:0.08841845762814303 staff:3.6649861123985553E-6
url-student-texas-00950 student:0.9861302583053169 faculty:0.006122921431895808 course:0.0019869614064580857 department:0.00212622883346498  project:0.0036032598161315123 staff:3.037020673274915E-5
url-student-texas-00940 student:0.985944087275858 faculty:0.00620510829675347 course:0.0020136320293635632 department:0.002154768817806792  project:0.0036516257197037483 staff:3.077786051439679E-5
url-student-texas-01207 project:0.25 faculty:0.25 course:0.0 department:0.25 student:0.25  staff:0.0
url-course-texas-00066 course:0.8181818181818182 faculty:0.15151515151515152  department:0.030303030303030304 student:0.0 project:0.0 staff:0.0
url-staff-texas-01181 student:0.5135062506164578 faculty:0.1588338924273152 course:0.04920386399776462 department:0.1616939160766881  project:0.1167292447963672 staff:3.283208540696535E-5
url-student-texas-00851 faculty:0.42857142857142855  course:0.0 department:0.14285714285714285 student:0.42857142857142855 project:0.0 staff:0.0
url-student-texas-00970 student:0.711018606263442 faculty:0.17716176663807778 course:0.0183985381713388 department:0.025326020854732432  project:0.06807892441930576 staff:1.6143653103172324E-5
url-student-texas-00889 student:0.985944087275858 faculty:0.00620510829675347 course:0.0020136320293635637 department:0.002154768817806792  project:0.0036516257197037483 staff:3.077786051439679E-5
url-student-texas-00977 student:0.9424409430639422 faculty:0.05015545022921687 course:0.0018989314707289302 department:0.002032028821855772  project:0.0034436217230117633 staff:2.902469124458938E-5
url-student-texas-00971 student:0.8588159988729263 faculty:0.055847125465347515 course:0.024450797201426323 department:0.02992079413874791  project:0.030944067481628396 staff:2.1216839923425958E-5
url-faculty-texas-01154 department:0.8076923076923077 faculty:0.07692307692307693 course:0.038461538461538464  student:0.0 project:0.07692307692307693 staff:0.0
url-faculty-texas-00325 faculty:0.43024788572151895  course:0.08834844941132249 department:0.09357040641572752 student:0.321118743462291 project:0.06664187072132018 staff:7.264426781991966E-5
url-student-texas-00955 student:0.822901670222284 faculty:0.07527632634398579 course:0.010019295094401914 department:0.010617703594494165  project:0.07736752059106644 staff:0.003817484153767819
url-project-texas-00488 student:0.5495725405418996 faculty:0.12742469781355437 course:0.04004115845139261 department:0.022455508474187175  project:0.2602080724254876 staff:2.9802229347859234E-4
url-student-texas-01212 student:0.9547323561836178 faculty:0.007629084511282925 course:0.017104397330718307 department:0.016429080728681215  project:0.004075294607215318 staff:2.978663848429853E-5
url-student-texas-00961 student:0.985944087275858 faculty:0.00620510829675347 course:0.0020136320293635632 department:0.002154768817806792  project:0.0036516257197037483 staff:3.077786051439679E-5
url-student-texas-00948 student:0.8453465300870653 faculty:0.05723336710765192 course:0.03727038782611964 department:0.014613772875515296  project:0.04542425846266905 staff:1.1168364097879272E-4
url-project-texas-00489 student:0.455811606418037 faculty:0.13062176902916056 course:0.07299474532502363 department:0.08965182659795665  project:0.2427693415162552 staff:0.008150711113567055
#3
url-course-texas-01132 course:0.3913237638570803 faculty:0.05470449763075813  department:0.3664724803472937 student:0.10444078745586392 project:0.08113227653023372 staff:0.0019261941787701272
url-project-texas-00490 project:0.4754748538669519 faculty:0.18563279797366317 course:0.011885130372907268 department:0.037143356839888717 student:0.2893177210048098  staff:5.461399417793504E-4
url-student-texas-00879 student:0.8642180188723543 faculty:0.08055040726761538 course:0.010433539113577337 department:0.001783873734927181  project:0.04289339403549964 staff:1.2076697602619304E-4
url-student-texas-00935 student:0.835988803937495 faculty:0.0761710210351635 course:0.01706290411756164 department:0.04835911951904707  project:0.0184463580290267 staff:0.0039717933617062955
url-student-texas-00886 student:0.8942567743809358 faculty:0.05049405722713538 course:0.009551507365407524 department:7.436295612814534E-4  project:0.04489153627001424 staff:6.249519522559194E-5
url-department-texas-01424 faculty:0.9822151806998356  course:0.0037015168419412938 department:0.0021152647030187495 student:0.006666433241863655 project:0.005178655948738323 staff:1.2294856460234857E-4
url-project-texas-01175 project:0.44179975612236166 faculty:0.35877796099171344 course:0.09030548396701854 department:0.007647495464760094 student:0.10102479710519938  staff:4.445063489469525E-4
url-student-texas-00959 student:0.8423798803545606 faculty:0.06385268291566172 course:0.03359782149082926 department:0.005515170320176276  project:0.054315616848958706 staff:3.3882806981346236E-4
url-department-texas-01413 department:0.3366472480347294 faculty:0.07213711642974248 course:0.039132376385708025  student:0.27711074541225306 project:0.2414465609863567 staff:0.03352595275121035
url-student-texas-00996 student:0.874007308610145 faculty:0.05269934685496268 course:0.018968935531678423 department:0.02949120117118478  project:0.020267449195495352 staff:0.004565758636533637
url-course-texas-00045 project:0.47301904887721047 faculty:0.04923404786768233 course:0.05219138747137225 department:0.02982523231256437 student:0.3939967087102776  staff:0.001733574760893115
url-student-texas-00989 student:0.9676676609470106 faculty:0.015797961188364646 course:0.007249298769051487 department:0.0010127370065610756  project:0.00818610752214161 staff:8.623456687038234E-5
url-project-texas-01174 student:0.45649936349269327 faculty:0.12358108775608515 course:0.03536536020911416 department:0.3305428278285159  project:0.045263650370695796 staff:0.00874771034289571
url-student-texas-00895 student:0.9916923561974211 faculty:0.0037534880034568656 course:0.001170378527425109 department:0.0011010966111603645  project:0.002188922272395577 staff:9.375838814095264E-5
url-department-texas-01410 department:0.5248543602604703 faculty:0.2910283732230686 course:0.0434928228928102  student:0.07833059059189794 project:0.0608492073976753 staff:0.0014446456340775956
url-department-texas-01397 student:0.31332236236759176 faculty:0.16411349289227442 course:0.1739712915712408 department:0.09941744104188122  project:0.2433968295907012 staff:0.005778582536310382
url-student-texas-00865 student:0.9791107166026822 faculty:0.0036081916936456316 course:0.014028299358621557 department:0.0010584735165348018  project:0.0021041897973351027 staff:9.012903118065767E-5
url-course-texas-01147 department:0.6861924361126033 faculty:0.09187003199282603 course:0.00104015765320924  student:0.18989704010272626 project:0.030743048540314583 staff:2.572855983204621E-4
url-student-texas-00896 student:0.9916923561974211 faculty:0.0037534880034568656 course:0.001170378527425109 department:0.0011010966111603645  project:0.002188922272395577 staff:9.375838814095264E-5
url-course-texas-00061 course:0.6254967897174505 faculty:0.09612798033791052  department:0.03387394856313847 student:0.10248528250258901 project:0.14168491540860936 staff:3.3108347030206636E-4
url-student-texas-00929 student:0.8368876519402522 faculty:0.06021249652181103 course:0.017388190904038557 department:0.06274788678787177  project:0.01857849509587074 staff:0.004185278750155835
url-staff-texas-01183 student:0.6 faculty:0.0 course:0.2 department:0.0  project:0.2 staff:0.0
url-course-texas-00040 department:0.5882352941176471 faculty:0.0 course:0.29411764705882354  student:0.11764705882352941 project:0.0 staff:0.0
url-student-texas-01209 project:0.4 faculty:0.0 course:0.0 department:0.2 student:0.0  staff:0.4
url-project-texas-00501 student:0.499475510433157 faculty:0.16892094329366197 course:0.06803697990927272 department:0.10118260731234227  project:0.15482622616190936 staff:0.0075577328896564945
url-student-texas-00949 student:0.9657657586497762 faculty:0.0036553575981377318 course:0.020747623533244063 department:0.007608257484071207  project:0.0021316955463198755 staff:9.130718845099309E-5
url-faculty-texas-00301 project:0.5675815299627911 faculty:0.10582849935384316 course:0.015815571961021894 department:0.09994704009471649 student:0.11939294203341744  staff:0.09143441659421005
url-course-texas-00042 student:0.37495629253609647 faculty:0.1807434119411385 course:0.3390030816591061 department:0.09176521727602853  project:0.012902185513492447 staff:6.298110741380413E-4
url-department-texas-01405 department:0.728488205863126 faculty:0.023444784698896347 course:0.024853041653034407  student:0.18761748033822745 project:0.03477097565581447 staff:8.255117909014835E-4
url-course-texas-00065 course:0.7143869036540261 faculty:0.16863263242254967  department:0.00738058381530627 student:0.02316560821345254 project:0.0860416756484603 staff:3.925962462051826E-4
url-student-texas-00850 student:0.9311675542293816 faculty:0.032784625754332164 course:0.0063825610328683635 department:8.939745170555037E-4  project:0.028695673989552223 staff:7.561047681006873E-5
url-student-texas-00859 student:0.8561586782669315 faculty:0.07915196269699705 course:0.010252401281744396 department:0.0017529037048069174  project:0.05256538372238333 staff:1.1867032713684942E-4
url-staff-texas-00557 staff:1.0 faculty:0.0 course:0.0 department:0.0 student:0.0 project:0.0 
url-course-texas-01142 student:0.6306685771140328 faculty:0.13269451551962058 course:0.05061533655970951 department:0.07608043286182835  project:0.09824916671948764 staff:0.011691971225320995
#4
url-project-texas-00492 faculty:0.37630353685074674  course:0.010075924954328425 department:0.15354704719138243 student:0.2840898620592561 project:0.17595202278385846 staff:3.160616042757877E-5
url-faculty-texas-00309 faculty:0.9320979375198515  course:0.0027739939792873728 department:0.04878384558618249 student:0.015259456508590313 project:0.0010312054755298513 staff:5.356093055832453E-5
url-project-texas-00487 student:0.5281556508027817 faculty:0.13312299704561636 course:0.07575295534904088 department:0.0474536200440413  project:0.21543979883316489 staff:7.49779253549256E-5
url-course-texas-00074 student:0.48773827683327575 faculty:0.13935510715626684 course:0.23741421880241337 department:0.05287445333048052  project:0.08246930560273774 staff:1.4863827482565776E-4
url-department-texas-01431 student:0.49667231031379755 faculty:0.12312512527961122 course:0.06176236723069971 department:0.22073794153752557  project:0.07861185019449561 staff:0.019090405443870365
url-student-texas-00946 student:0.8431948151537887 faculty:0.06891831330143218 course:0.023938547140246937 department:0.03112535138090073  project:0.02844803972179495 staff:0.00437493330183642
url-student-texas-00864 student:0.964219256809546 faculty:0.010721605868406498 course:0.0012728477863852296 department:9.482093080899158E-4  project:0.02272113127784889 staff:1.169489497236467E-4
url-department-texas-01412 student:0.4000000002235388 faculty:0.39999999934346464 course:4.4003710320331727E-10 department:2.6402226192199057E-10  project:2.2001855160165864E-10 staff:0.1999999995089186
url-department-texas-01422 department:0.4117647058823529 faculty:0.058823529411764705 course:0.0  student:0.17647058823529413 project:0.35294117647058826 staff:0.0
url-student-texas-00960 student:0.830056119202071 faculty:0.07195123687467597 course:0.02322741719634731 department:0.018337794393563752  project:0.05300658554118495 staff:0.003420846792157138
url-student-texas-00853 student:0.9896240590971783 faculty:0.00444193899062421 course:0.0013241034019443657 department:9.863922332478986E-4  project:0.003501847973601194 staff:1.2165830340379351E-4
url-faculty-texas-00313 faculty:0.9320979375198515  course:0.002773993979287373 department:0.0487838455861825 student:0.015259456508590315 project:0.0010312054755298515 staff:5.356093055832454E-5
url-student-texas-00952 student:0.8696811258977086 faculty:0.046524459446961125 course:0.025182108030649374 department:0.024084244093328475  project:0.029925859967083003 staff:0.0046022025642694815
url-student-texas-00980 student:0.989960940295322 faculty:0.0042977201922273205 course:0.0012811130317513671 department:9.543665113892008E-4  project:0.0033881516108219345 staff:1.1770835848808597E-4
url-student-texas-00968 student:0.8586633872641667 faculty:0.0634243592335422 course:0.017934800841356832 department:0.020561643054212986  project:0.03932928831209344 staff:8.65212946276841E-5
url-department-texas-01404 course:0.36363636363636365 faculty:0.09090909090909091  department:0.36363636363636365 student:0.18181818181818182 project:0.0 staff:0.0
url-student-texas-00893 student:0.9896240590971783 faculty:0.00444193899062421 course:0.001324103401944366 department:9.863922332478986E-4  project:0.003501847973601194 staff:1.2165830340379352E-4
url-staff-texas-01182 project:0.4444444444444444 faculty:0.0 course:0.0 department:0.33333333333333326 student:0.2222222222222222  staff:0.0
url-course-texas-00047 staff:0.16666666666666663 faculty:0.16666666666666663 course:0.16666666666666663 department:0.16666666666666663 student:0.16666666666666663 project:0.16666666666666663 
url-student-texas-00855 student:0.8575832806370043 faculty:0.07588216810848715 course:0.023252804202768856 department:0.0012599335040783058  project:0.041929571836859955 staff:9.22417108014153E-5
url-course-texas-00052 course:0.625 faculty:0.0  department:0.375 student:0.0 project:0.0 staff:0.0
url-student-texas-00868 student:0.8809002255822385 faculty:0.05173006143202462 course:0.02354468040615089 department:0.0012757485689830542  project:0.04245588445405903 staff:9.339955654369246E-5
url-department-texas-01428 department:0.8077365810826063 faculty:0.07073743585099912 course:0.016853370908423804  student:0.06608474566635657 project:0.032993838891976116 staff:0.005594027599638154
url-course-texas-00048 course:0.6065087640691069 faculty:0.06794575081434887  department:0.09269983679568854 student:0.13555771751194562 project:0.09683477807080552 staff:4.531527381045247E-4
url-student-texas-00939 student:0.8696811258977086 faculty:0.04652445944696113 course:0.025182108030649374 department:0.024084244093328475  project:0.029925859967083003 staff:0.0046022025642694815
url-faculty-texas-00317 faculty:0.3641288141476866  course:0.23024150028085197 department:0.049059183653146925 student:0.2665348902129961 project:0.08559005446897766 staff:0.004445557236340936
url-department-texas-01408 course:0.41666666666666663 faculty:0.08333333333333331  department:0.33333333333333326 student:0.16666666666666663 project:0.0 staff:0.0
url-student-texas-00963 student:0.8727242421917816 faculty:0.046820804916773 course:0.0010664400372416786 department:0.006199851041913169  project:0.07309067755711661 staff:9.798425517386613E-5
url-student-texas-01204 course:0.5189382388372602 faculty:0.03328074926140409  department:0.011863405011010325 student:0.38203891270069545 project:0.05385994970829122 staff:1.8744481338731404E-5
url-student-texas-00873 student:0.893631103974587 faculty:0.053754281227190816 course:0.007074689639435056 department:0.001325669165160652  project:0.04411720167182656 staff:9.705432179975E-5
url-student-texas-00890 student:0.8756757549120466 faculty:0.05216660203482652 course:0.015304551126877904 department:0.009725332945092613  project:0.04703357124270089 staff:9.41877384554536E-5
url-student-texas-00938 student:0.8687653094672746 faculty:0.06024895953825053 course:0.006381092615961032 department:0.005117270227399802  project:0.05939982895890239 staff:8.753919221153922E-5
url-project-texas-00491 student:0.3983394575763703 faculty:0.066761032164987 course:0.15501466274772907 department:0.16780903905326808  project:0.2120134503573425 staff:6.235810030306082E-5
url-project-texas-01172 student:0.40000000041820294 faculty:0.3999999987717348 course:8.232340388276497E-10 department:4.939404232965903E-10  project:4.1161701941382485E-10 staff:0.19999999908127084
#5
url-course-texas-00064 course:0.6235533367531468 faculty:0.16509193815014342  department:0.1269401547860123 student:0.003375959890161465 project:0.08103561671109802 staff:2.9937094379303683E-6
url-department-texas-01425 department:0.4955147768349082 faculty:0.0378700531424117 course:0.33750563296444164  student:0.12500055512351113 project:0.0040920864046905476 staff:1.6895530036780732E-5
url-course-texas-00050 course:0.5454545454545454 faculty:0.09090909090909091  department:0.36363636363636365 student:0.0 project:0.0 staff:0.0
url-course-texas-00043 student:0.6 faculty:0.0 course:0.0 department:0.2  project:0.2 staff:0.0
url-course-texas-01143 student:0.16666666666666663 faculty:0.16666666666666663 course:0.16666666666666663 department:0.16666666666666663  project:0.16666666666666663 staff:0.16666666666666663
url-course-texas-00075 course:0.757987185702194 faculty:0.15941307093762144  department:0.04280033451147331 student:0.0033263821749359287 project:0.03647066562477391 staff:2.361049001279892E-6
url-student-texas-00880 student:0.9677069026352545 faculty:0.008876766954007721 course:0.0011408576729458038 department:9.949545461638257E-4  project:0.021204336046878554 staff:7.61821447495963E-5
url-student-texas-00887 student:0.8062253238676749 faculty:0.06785750545123659 course:0.023648687131635218 department:0.05623236407763701  project:0.04276046094270257 staff:0.0032756585291138464
url-project-texas-01168 student:0.6681784282415856 faculty:0.12236118906655091 course:0.06551186442367324 department:0.08477849142090806  project:0.04647978039052929 staff:0.012690246456752936
url-student-texas-00914 student:0.993252147036674 faculty:0.0025228112608805158 course:0.0011867982503798627 department:0.001035019829901966  project:0.0019239737400414516 staff:7.924988212206323E-5
url-department-texas-01406 student:0.5849029215917013 faculty:0.1026231673658285 course:0.08598185890733062 department:0.1312817013704024  project:0.08563015587564535 staff:0.009580194889091644
url-student-texas-01214 student:0.7030057603290962 faculty:0.11650987686230715 course:0.023396312762231912 department:0.03406596791919397  project:0.12294361166681816 staff:7.847046035279932E-5
url-student-texas-00924 student:0.8762303924623085 faculty:0.05238851350755799 course:0.027679808997907757 department:0.023946914662000246  project:0.015292500037859579 staff:0.0044618703323660485
url-faculty-texas-00328 student:0.4428919040366698 faculty:0.30168388659393747 course:0.11758571992019123 department:0.07988875693830462  project:0.05221485283770867 staff:0.005734879673188234
url-student-texas-00945 student:0.8362155709610428 faculty:0.04867296727010113 course:0.04189544471312656 department:0.01886005220516365  project:0.054088827384941224 staff:2.6713746562477347E-4
url-faculty-texas-00336 student:0.4609679112620577 faculty:0.3838787344039605 course:0.043663681069574536 department:0.07574973413865481  project:0.027443216784964745 staff:0.00829672234078772
url-student-texas-00871 student:0.8102711044527647 faculty:0.06752122772397995 course:0.04253971934249062 department:0.027542363853241127  project:0.04885516191220239 staff:0.003270422715321232
url-faculty-texas-00305 faculty:0.9170422791858268  course:0.002166937368398538 department:0.05011097231878882 student:0.02853787281077158 project:0.001970823009772431 staff:1.711153064419798E-4
url-faculty-texas-00312 faculty:0.9170422791858268  course:0.002166937368398538 department:0.05011097231878882 student:0.02853787281077158 project:0.0019708230097724316 staff:1.711153064419798E-4
url-student-texas-00926 student:0.993252147036674 faculty:0.002522811260880516 course:0.0011867982503798629 department:0.001035019829901966  project:0.001923973740041452 staff:7.924988212206325E-5
url-course-texas-00059 course:0.5187753483399872 faculty:0.17041523914085266  department:0.22981649575708699 student:0.06250249805580015 project:0.018414388821107464 staff:7.602988516551329E-5
url-department-texas-01414 faculty:0.4545454545454545  course:0.09090909090909091 department:0.36363636363636365 student:0.09090909090909091 project:0.0 staff:0.0
url-course-texas-00071 course:0.6292356287814665 faculty:0.08453723458813256  department:0.09845472284699341 student:0.04721853600185996 project:0.1405526257101074 staff:1.2520714400726701E-6
url-faculty-texas-00334 student:0.46478362799531336 faculty:0.4289465514257157 course:0.018606400587312836 department:0.0035722113825112332  project:0.08392024018843837 staff:1.7096842070836465E-4
url-department-texas-01429 department:0.8220310764218863 faculty:0.06028012047314997 course:0.012295107128640822  student:0.06325120630809536 project:0.03627009725000231 staff:0.00587239241822534
url-student-texas-00917 student:0.8756188899344943 faculty:0.05692833430903976 course:0.010424764394390242 department:0.0020479240080092586  project:0.05485836030267491 staff:1.2172705139144692E-4
url-student-texas-00869 student:0.9683382734625106 faculty:0.014989428341844167 course:0.013608103384595723 department:0.001099783143934526  project:0.0018639789339755305 staff:1.0043273313921895E-4
url-course-texas-01137 course:0.5 faculty:0.25  department:0.0 student:0.25 project:0.0 staff:0.0
url-course-texas-01145 student:0.16666666666666663 faculty:0.16666666666666663 course:0.16666666666666663 department:0.16666666666666663  project:0.16666666666666663 staff:0.16666666666666663
url-student-texas-00885 student:0.867459156615048 faculty:0.053618511791668655 course:0.013521957168747947 department:0.021423558499439416  project:0.04390051422485876 staff:7.630170023713604E-5
url-project-texas-01167 student:0.643230772257632 faculty:0.11884506294394889 course:0.06362933958391252 department:0.09958370718467509  project:0.06238553382758305 staff:0.012325584202248545
url-department-texas-01399 department:0.7555408520324528 faculty:0.12002154772870385 course:0.03940731593297237  student:0.004865477408315028 project:0.07971308440384633 staff:4.517224937096416E-4
url-staff-texas-00555 staff:0.6666666666666665 faculty:0.0 course:0.0 department:0.33333333333333326 student:0.0 project:0.0 
#6
url-course-texas-00057 course:0.5963388797492118 faculty:0.09052994307998344  department:0.08573488848034473 student:0.05936503898569993 project:0.16787621939727826 staff:1.5503030748168734E-4
url-student-texas-00872 student:0.9037879423775109 faculty:0.04643022143934722 course:0.01050539724663538 department:0.002188004185005329  project:0.03656699204464633 staff:5.214427068548324E-4
url-student-texas-00964 student:0.8781708097947651 faculty:0.04985399540233279 course:0.011039591993550538 department:0.02600339535025542  project:0.030193582577620788 staff:0.004738624881475267
url-course-texas-00056 student:0.48121864114640434 faculty:0.13789125138247751 course:0.23367518935233456 department:0.07864026750774372  project:0.059776137838248686 staff:0.008798512772791225
url-faculty-texas-00324 student:0.44428733005698806 faculty:0.4157234531350783 course:0.014896673772141385 department:0.038276636806422445  project:0.08155135845218332 staff:0.00526454777718639
url-student-texas-00920 student:0.8151820836528813 faculty:0.06872339153234756 course:0.016244277502840375 department:0.05008666161615662  project:0.04615340328308358 staff:0.003610182412690619
url-course-texas-00041 course:0.7708731348738551 faculty:0.13148396494949974  department:0.029281623745262574 student:0.06241112805065943 project:0.00572498531509461 staff:2.251630656281649E-4
url-faculty-texas-01153 department:0.7333401172479777 faculty:0.09567681653368547 course:0.04874380450483129  student:0.028006347798300725 project:0.0933464695702548 staff:8.864443449499715E-4
url-course-texas-00073 course:0.7757844607265274 faculty:0.1624213684670291  department:0.036171417567677305 student:0.018272569944932236 project:0.007072040683352168 staff:2.7814261048185083E-4
url-course-texas-01133 department:1.0 faculty:0.0 course:0.0  student:0.0 project:0.0 staff:0.0
url-faculty-texas-00311 faculty:0.9165139596055489  course:0.0019979133680358054 department:0.04743347661864792 student:0.029005666057825195 project:0.004848931754487806 staff:2.0005259545423718E-4
